12
13
19
21
23
28
37
38
39
41
44
49
51
55
57
58
65
66
67
73
76
80
81
82
88
89
92
94
103
105
106
107
111
120
127
128
129
131
133
139
140
151
156
157
160
162
163
166
167
171
172
180
184
186
192
201
207
209
213
215
216
218
222
223
233
237
238
239
240
241
244
245
249
251
252
253
254
255
256
260
266
267
274
278
279
280
283
285
294
295
298
300
301
305
307
309
312
315
317
320
324
328
335
337
341
346
355
356
361
365
372
374
376
378
381
382
388
390
394
395
397
398
402
417
418
419
423
425
426
427
432
433
437
441
442
445
446
447
451
462
463
464
465
472
476
477
481
482
486
487
492
496
498
499
502
509
511
513
518
519
530
531
532
534
535
541
547
551
553
559
561
562
568
569
570
571
573
574
578
581
584
585
587
589
590
592
595
600
601
604
615
617
619
623
624
629
631
633
639
641
650
651
655
658
663
664
665
670
673
675
676
683
685
691
692
694
695
699
702
703
705
706
707
717
718
726
728
729
732
733
737
744
745
746
750
756
757
761
773
774
777
778
779
780
782
785
787
790
791
792
793
795
797
803
806
808
813
816
828
830
831
833
834
838
846
851
853
856
857
858
860
870
871
872
879
880
888
891
906
907
915
917
919
920
922
923
925
928
933
937
938
945
951
953
954
965
972
973
974
977
978
982
985
986
993
996
998
1006
1008
1009
1011
1013
1018
1019
1021
1023
1024
1036
1037
1039
1053
1056
1059
1064
1074
1079
1083
1089
1091
1093
1096
1097
1104
1118
1119
1120
1124
1132
1136
1142
1145
1154
1160
1162
1164
1174
1181
1184
1197
1201
1202
1206
1208
1212
1213
1218
1230
1235
1247
1248
1255
1268
1269
1272
1273
1274
1280
1286
1288
1290
1293
1295
1298
1313
1314
1319
1320
1321
1323
1329
1330
1331
1336
1340
1341
1344
1345
1346
1347
1348
1352
1353
1356
1360
1361
1362
1363
1369
1372
1375
1377
1382
1388
1391
1393
1394
1397
1398
1404
1406
1407
1411
1412
1415
1416
1423
1426
1428
1429
1445
1455
1463
1470
1473
1475
1480
1483
1484
1487
1488
1491
1506
1510
1513
1521
1522
1523
1525
1530
1538
1552
1555
1558
1559
1561
1564
1565
1573
1575
1576
1577
1578
1590
1591
1595
1607
1609
1613
1615
1619
1629
1637
1641
1647
1648
1652
1658
1677
1687
1691
1692
1695
1697
1700
1705
1706
1716
1719
1721
1724
1725
1728
1732
1739
1746
1752
1758
1760
1765
1767
1768
1770
1787
1788
1795
1804
1806
1807
1811
1812
1814
1829
1834
1841
1848
1855
1863
1864
1878
1882
1884
1885
1887
1892
1897
1903
1907
1908
1912
1918
1919
1920
1922
1926
1929
1931
1932
1943
1945
1949
1956
1959
1962
1963
1969
1970
1976
1979
1984
1987
1989
1990
1995
2006
2012
2015
2021
2027
2028
2039
2042
2045
2053
2054
2070
2072
2074
2075
2081
2084
2085
2088
2089
2093
2096
2105
2109
2111
2130
2135
2145
2154
2155
2156
2174
2182
2183
2192
2194
2197
2203
2206
2207
2213
2216
2217
2218
2222
2230
2233
2237
2241
2244
2247
2248
2249
2253
2257
2259
2261
2266
2276
2280
2281
2294
2297
2298
2301
2302
2307
2312
2314
2316
2329
2331
2334
2336
2340
2342
2353
2354
2357
2359
2362
2369
2379
2387
2390
2393
2398
2408
2409
2411
2414
2417
2420
2425
2426
2429
2437
2442
2449
2454
2455
2468
2469
2477
2479
2483
2484
2487
2489
2490
2492
2499
2507
2513
2523
2526
2532
2533
2538
2549
2550
2561
2565
2567
2570
2574
2581
2595
2600
2618
2623
2629
2632
2633
2644
2645
2646
2650
2652
2655
2659
2660
2661
2662
2665
2666
2670
2673
2674
2679
2691
2693
2697
2698
2700
2704
2721
2743
2745
2746
2748
2752
2756
2768
2769
2777
2779
2780
2783
2786
2788
2789
2790
2794
2796
2797
2801
2802
2810
2817
2820
2822
2824
2826
2828
2829
2830
2832
2837
2838
2866
2869
2871
2872
2874
2875
2877
2879
2884
2886
2889
2890
2892
2893
2895
2897
2902
2907
2910
2911
2913
2927
2930
2931
2933
2938
2951
2971
2982
2983
2989
2996
3004
3006
3015
3017
3037
3041
3042
3043
3045
3048
3049
3065
3067
3071
3077
3078
3079
3080
3085
3090
3099
3117
3119
3124
3126
3128
3132
3141
3151
3156
3165
3167
3196
3201
3207
3209
3212
3216
3217
3219
3220
3225
3228
3231
3232
3233
3245
3248
3249
3253
3254
3257
3258
3260
3263
3264
3267
3273
3275
3278
3279
3281
3282
3283
3288
3294
3299
3300
3303
3304
3308
3313
3316
3324
3326
3333
3342
3350
3362
3363
3366
3371
3373
3377
3384
3390
3392
3393
3403
3405
3416
3417
3418
3433
3440
3442
3444
3446
3448
3457
3464
3468
3469
3470
3471
3472
3473
3479
3487
3492
3496
3499
3500
3509
3512
3516
3521
3524
3532
3543
3549
3550
3551
3553
3555
3560
3565
3571
3572
3575
3577
3604
3607
3610
3613
3614
3621
3626
3635
3643
3644
3647
3656
3668
3669
3677
3678
3697
3699
3700
3702
3704
3708
3710
3711
3718
3719
3722
3736
3739
3744
3746
3754
3756
3760
3761
3762
3767
3769
3775
3776
3781
3782
3788
3795
3796
3801
3827
3830
3849
3853
3856
3859
3860
3865
3873
3877
3881
3883
3884
3887
3896
3897
3899
3916
3921
3927
3928
3931
3933
3934
3936
3938
3943
3945
3948
3955
3958
3966
3967
3970
3973
3976
3977
3979
3985
3986
3994
4003
4005
4007
4010
4018
4022
4024
4030
4034
4040
4042
4050
4057
4058
4066
4067
4071
4073
4074
4085
4088
4099
4105
4107
4111
4112
4113
4115
4117
4121
4125
4127
4131
4136
4139
4150
4151
4158
4160
4171
4178
4180
4189
4196
4198
4200
4204
4208
4217
4226
4235
4244
4259
4261
4264
4271
4272
4274
4279
4280
4288
4291
4292
4293
4295
4307
4315
4318
4319
4320
4322
4324
4328
4330
4331
4332
4334
4336
4337
4346
4347
4348
4353
4358
4360
4367
4369
4372
4375
4378
4381
4385
4387
4393
4395
4398
4399
4401
4405
4408
4417
4423
4427
4428
4433
4434
4437
4439
4447
4449
4450
4461
4468
4469
4473
4479
4480
4481
4485
4486
4489
4492
4494
4495
4499
4502
4506
4514
4517
4518
4520
4526
4533
4534
4535
4538
4542
4543
4565
4569
4573
4574
4584
4595
4602
4604
4608
4612
4615
4616
4619
4628
4633
4634
4637
4647
4658
4660
4679
4688
4699
4705
4707
4713
4723
4727
4731
4738
4740
4742
4744
4746
4752
4760
4762
4763
4764
4765
4767
4772
4773
4774
4777
4782
4785
4786
4787
4788
4798
4799
4805
4807
4810
4818
4819
4820
4828
4849
4851
4852
4853
4859
4860
4861
4863
4874
4875
4892
4900
4901
4905
4906
4909
4911
4917
4918
4919
4928
4930
4936
4942
4943
4948
4952
4955
4959
4969
4976
4985
5011
5013
5016
5017
5018
5019
5022
5027
5028
5033
5037
5039
5041
5044
5047
5051
5054
5074
5075
5079
5082
5085
5088
5090
5094
5096
5110
5116
5123
5124
5128
5131
5132
5135
5142
5144
5155
5165
5173
5179
5182
5187
5197
5205
5216
5220
5228
5241
5242
5245
5252
5258
5260
5272
5273
5285
5290
5292
5293
5295
5303
5309
5311
5313
5317
5318
5322
5335
5336
5338
5342
5351
5370
5373
5378
5381
5385
5386
5388
5392
5396
5406
5409
5437
5439
5440
5442
5458
5461
5465
5466
5467
5475
5476
5478
5483
5490
5491
5492
5493
5504
5508
5510
5512
5514
5521
5527
5536
5542
5556
5558
5562
5565
5572
5574
5577
5578
5581
5591
5597
5598
5601
5602
5607
5608
5609
5613
5621
5622
5631
5634
5635
5641
5643
5644
5652
5654
5655
5657
5661
5668
5670
5672
5674
5678
5686
5691
5693
5697
5699
5700
5705
5714
5715
5723
5730
5731
5736
5749
5755
5757
5770
5788
5789
5796
5801
5803
5806
5819
5823
5825
5831
5840
5842
5854
5867
5868
5879
5882
5886
5896
5897
5899
5900
5904
5908
5909
5910
5912
5913
5919
5924
5926
5928
5929
5930
5935
5936
5940
5941
5952
5953
5955
5960
5962
5970
5980
5981
5982
5983
5986
5990
5994
5996
5999
6002
6011
6015
6020
6023
6024
6025
6032
6037
6040
6041
6045
6055
6059
6060
6063
6068
6070
6074
6075
6078
6088
6091
6101
6102
6103
6104
6107
6108
6112
6113
6122
6124
6127
6132
6138
6139
6147
6149
6154
6156
6176
6178
6187
6191
6192
6194
6201
6205
6208
6215
6220
6229
6236
6239
6247
6248
6249
6251
6252
6257
6261
6270
6285
6293
6294
6295
6301
6315
6324
6329
6335
6336
6339
6342
6348
6353
6360
6362
6369
6370
6371
6373
6381
6382
6386
6388
6389
6391
6394
6399
6416
6419
6420
6428
6429
6435
6442
6445
6450
6452
6456
6464
6467
6468
6469
6471
6475
6476
6480
6483
6484
6492
6494
6501
6517
6526
6527
6531
6551
6556
6562
6573
6575
6578
6586
6592
6608
6617
6619
6624
6632
6641
6652
6659
6664
6666
6668
6676
6681
6689
6690
6697
6699
6714
6729
6730
6742
6743
6744
6746
6748
6749
6750
6754
6757
6761
6764
6766
6768
6769
6772
6778
6794
6805
6807
6808
6809
6821
6823
6825
6827
6832
6839
6845
6846
6856
6862
6871
6877
6885
6891
6896
6906
6907
6923
6931
6935
6941
6943
6948
6952
6957
6963
6965
6967
6968
6979
6981
6982
6990
6992
6996
7000
7001
7012
7013
7015
7020
7022
7025
7032
7037
7038
7039
7044
7046
7049
7050
7053
7063
7070
7074
7079
7088
7100
7111
7113
7115
7116
7117
7126
7129
7137
7140
7141
7142
7143
7150
7160
7162
7164
7169
7182
7187
7190
7191
7194
7195
7204
7209
7211
7214
7223
7229
7230
7234
7239
7240
7241
7244
7245
7246
7252
7253
7254
7258
7262
7274
7280
7282
7285
7310
7352
7356
7389
7396
7398
7399
7424
7427
7434
7440
7446
7452
7460
7462
7463
7469
7472
7478
7486
7493
7496
7505
7508
7515
7528
7531
7536
7537
7538
7544
7546
7549
7552
7559
7560
7564
7565
7566
7568
7573
7576
7577
7593
7607
7613
7622
7623
7624
7637
7654
7656
7658
7659
7660
7665
7669
7683
7684
7691
7695
7697
7699
7705
7707
7710
7711
7714
7717
7721
7725
7726
7729
7731
7739
7747
7750
7770
7771
7776
7777
7780
7801
7804
7806
7818
7821
7823
7827
7833
7836
7853
7854
7855
7856
7860
7866
7877
7880
7887
7890
7899
7912
7913
7915
7922
7927
7929
7930
7934
7939
7941
7942
7945
7956
7963
7967
7969
7971
7985
7997
7999
8001
8005
8011
8012
8016
8037
8046
8048
8051
8052
8053
8055
8078
8080
8086
8088
8089
8093
8094
8107
8115
8117
8118
8122
8131
8132
8134
8137
8142
8146
8166
8169
8171
8173
8177
8194
8199
8202
8213
8235
8241
8244
8256
8262
8266
8273
8283
8284
8293
8296
8297
8298
8307
8316
8323
8325
8327
8329
8334
8339
8341
8345
8346
8350
8351
8356
8357
8378
8386
8387
8388
8395
8399
8400
8402
8407
8410
8417
8424
8426
8429
8445
8462
8469
8472
8475
8479
8481
8492
8493
8496
8510
8514
8520
8521
8529
8536
8537
8539
8541
8543
8550
8556
8558
8564
8572
8585
8587
8589
8590
8595
8597
8598
8607
8610
8614
8623
8629
8643
8661
8663
8682
8686
8687
8692
8698
8715
8722
8746
8748
8770
8790
8794
8798
8799
8803
8804
8806
8814
8815
8827
8833
8834
8842
8844
8851
8863
8864
8865
8871
8875
8876
8879
8884
8889
8895
8904
8907
8912
8913
8919
8923
8936
8950
8956
8965
8971
8974
8980
8985
8988
8993
8999
9001
9005
9021
9033
9046
9050
9063
9067
9069
9071
9072
9074
9075
9091
9120
9136
9137
9139
9142
9143
9144
9147
9153
9155
9156
9179
9185
9188
9192
9194
9200
9213
9219
9220
9221
9232
9233
9234
9235
9240
9244
9262
9270
9276
9277
9278
9280
9281
9286
9288
9296
9298
9301
9303
9310
9311
9333
9337
9342
9349
9354
9360
9371
9386
9387
9388
9390
9394
9399
9404
9412
9421
9423
9434
9436
9446
9448
9471
9472
9478
9483
9499
9512
9522
9526
9529
9536
9546
9549
9553
9556
9558
9569
9587
9589
9598
9606
9619
9626
9629
9630
9633
9634
9635
9639
9640
9644
9648
9654
9655
9662
9665
9666
9670
9671
9674
9679
9690
9694
9701
9702
9709
9714
9720
9724
9736
9739
9750
9752
9757
9763
9767
9770
9772
9778
9786
9789
9794
9798
9809
9812
9817
9827
9829
9832
9845
9846
9854
9856
9861
9865
9889
9896
9929
9931
9933
9940
9945
9947
9951
9958
9959
9962
9969
9979
9980
9983
9984
9990
10004
10006
10011
10019
10023
10032
10033
10051
10053
10068
10072
10079
10093
10096
10097
10105
10107
10108
10111
10138
10140
10144
10146
10155
10157
10159
10164
10167
10179
10181
10183
10187
10199
10209
10212
10217
10222
10233
10244
10247
10249
10250
10252
10255
10256
10266
10267
10273
10276
10279
10286
10288
10301
10319
10333
10342
10343
10347
10348
10349
10351
10352
10357
10360
10371
10373
10382
10385
10388
10390
10394
10406
10407
10408
10410
10416
10419
10421
10426
10428
10438
10444
10446
10453
10456
10457
10463
10464
10466
10467
10471
10504
10521
10527
10528
10534
10535
10539
10549
10553
10555
10556
10558
10562
10564
10567
10575
10576
10587
10589
10592
10595
10600
10606
10608
10630
10634
10635
10643
10644
10652
10655
10661
10668
10671
10680
10685
10686
10688
10697
10702
10704
10706
10726
10736
10739
10741
10752
10756
10766
10768
10772
10781
10782
10793
10799
10814
10820
10824
10825
10827
10832
10836
10838
10844
10848
10852
10878
10881
10884
10885
10887
10900
10911
10919
10928
10930
10931
10954
10960
10962
10963
10972
10973
10974
10979
10981
10982
10989
10994
11002
11009
11018
11027
11030
11031
11032
11042
11050
11052
11057
11060
11080
11086
11091
11093
11096
11097
11103
11105
11108
11109
11111
11116
11117
11119
11128
11139
11151
11152
11154
11156
11158
11160
11179
11182
11191
11207
11221
11235
11236
11254
11264
11267
11281
11283
11288
11290
11296
11299
11300
11303
11309
11316
11327
11332
11334
11338
11341
11343
11347
11348
11350
11352
11356
11365
11368
11371
11372
11374
11391
11398
11403
11409
11410
11413
11415
11418
11419
11420
11421
11425
11426
11428
11432
11438
11440
11445
11449
11451
11457
11464
11465
11467
11468
11470
11476
11486
11494
11500
11503
11506
11507
11522
11527
11532
11537
11538
11546
11549
11553
11560
11566
11568
11569
11570
11571
11573
11575
11576
11579
11586
11590
11593
11594
11596
11605
11607
11614
11618
11626
11636
11637
11638
11641
11643
11645
11654
11670
11672
11680
11687
11700
11703
11706
11707
11712
11714
11715
11724
11730
11731
11745
11752
11757
11760
11771
11786
11794
11810
11812
11824
11848
11857
11875
11886
11896
11897
11902
11914
11920
11930
11934
11938
11940
11944
11954
11961
11972
11978
11985
11987
11989
11997
12002
12005
12009
12013
12015
12018
12031
12039
12041
12045
12055
12057
12060
12061
12072
12085
12087
12103
12110
12111
12112
12119
12123
12127
12129
12137
12145
12148
12152
12154
12165
12183
12188
12195
12215
12217
12228
12230
12236
12238
12240
12245
12246
12252
12253
12254
12255
12262
12273
12298
12314
12321
12330
12337
12339
12344
12345
12347
12408
12409
12420
12425
12428
12429
12430
12435
12438
12442
12444
12454
12456
12463
12464
12465
12466
12480
12492
12499
12500
12502
12504
12510
12517
12521
12553
12557
12558
12560
12564
12573
12575
12582
12591
12596
12597
12598
12599
12600
12601
12603
12604
12606
12615
12619
12625
12626
12630
12636
12638
12657
12675
12679
12682
12692
12694
12695
12702
12708
12710
12714
12719
12723
12738
12739
12745
12753
12757
12759
12772
12782
12788
12794
12798
12815
12819
12822
12834
12836
12837
12845
12846
12847
12849
12852
12853
12855
12859
12863
12864
12865
12873
12882
12884
12885
12886
12895
12917
12918
12919
12922
12935
12938
12957
12961
12966
12969
12994
12996
12999
13001
13010
13011
13013
13017
13021
13022
13027
13029
13033
13040
13043
13044
13045
13054
13058
13059
13061
13062
13070
13074
13079
13080
13086
13096
13097
13105
13107
13112
13120
13122
13139
13140
13144
13147
13149
13150
13153
13155
13156
13157
13164
13169
13180
13190
13193
13198
13200
13203
13207
13208
13212
13213
13235
13243
13247
13250
13257
13264
13270
13277
13279
13301
13324
13325
13328
13337
13341
13343
13344
13353
13370
13376
13378
13379
13382
13389
13393
13396
13402
13415
13423
13440
13450
13457
13459
13460
13479
13481
13492
13494
13496
13500
13502
13513
13520
13522
13527
13537
13546
13557
13563
13578
13588
13592
13596
13601
13604
13610
13611
13624
13627
13628
13631
13634
13640
13648
13650
13669
13670
13672
13680
13682
13684
13685
13695
13696
13698
13703
13709
13717
13720
13722
13748
13754
13756
13765
13766
13780
13789
13791
13792
13807
13811
13823
13828
13837
13849
13851
13852
13853
13867
13871
13872
13883
13886
13887
13894
13895
13902
13903
13904
13913
13931
13948
13972
13973
13977
13978
13981
14006
14007
14010
14013
14031
14037
14051
14058
14060
14072
14079
14093
14101
14112
14116
14130
14136
14155
14160
14161
14166
14167
14190
14202
14204
14205
14234
14237
14238
14239
14242
14246
14249
14254
14256
14257
14258
14259
14269
14271
14275
14280
14286
14287
14288
14294
14295
14299
14300
14313
14338
14344
14347
14350
14356
14359
14362
14363
14365
14368
14373
14374
14376
14378
14380
14381
14382
14390
14391
14401
14406
14407
14415
14425
14427
14437
14442
14462
14465
14471
14506
14510
14519
14520
14521
14533
14537
14538
14539
14541
14546
14548
14552
14558
14559
14564
14568
14573
14595
14610
14624
14626
14628
14629
14632
14642
14645
14646
14650
14652
14656
14665
14668
14675
14691
14694
14700
14701
14719
14733
14737
14744
14746
14750
14751
14753
14756
14757
14762
14764
14767
14772
14781
14791
14799
14804
14819
14823
14826
14827
14831
14835
14850
14851
14852
14859
14860
14861
14865
14871
14872
14891
14893
14904
14915
14925
14931
14932
14938
14941
14953
14965
14980
14983
14984
14985
14991
14995
14996
14999
15000
15003
15004
15010
15014
15015
15032
15042
15043
15045
15060
15079
15081
15096
15097
15099
15107
15108
15110
15111
15114
15132
15140
15144
15153
15160
15161
15169
15178
15180
15184
15187
15190
15192
15197
15199
15208
15211
15215
15218
15228
15230
15233
15237
15258
15261
15264
15273
15281
15284
15285
15289
15299
15300
15306
15324
15338
15339
15343
15346
15348
15360
15362
15368
15369
15370
15385
15401
15411
15413
15416
15429
15432
15445
15446
15465
15466
15474
15480
15486
15494
15502
15510
15512
15539
15543
15544
15546
15555
15563
15576
15579
15583
15588
15592
15593
15594
15595
15596
15611
15615
15618
15641
15642
15643
15644
15647
15649
15652
15666
15669
15680
15694
15696
15697
15701
15702
15703
15706
15720
15721
15732
15733
15736
15739
15747
15754
15761
15770
15798
15801
15802
15806
15810
15824
15825
15830
15845
15850
15851
15878
15888
15892
15893
15903
15904
15907
15914
15928
15936
15941
15945
15949
15950
15955
15959
15966
15980
15982
15983
15989
16000
16009
16012
16016
16023
16027
16031
16042
16051
16065
16071
16074
16078
16079
16084
16099
16102
16103
16105
16121
16124
16127
16130
16133
16141
16142
16143
16146
16147
16148
16158
16159
16164
16175
16176
16215
16227
16239
16244
16246
16247
16257
16278
16290
16292
16298
16302
16311
16321
16325
16326
16349
16369
16371
16374
16393
16394
16396
16401
16409
16412
16426
16429
16431
16433
16445
16459
16470
16474
16478
16492
16493
16500
16512
16514
16530
16536
16537
16539
16543
16544
16556
16557
16558
16561
16566
16572
16573
16574
16575
16589
16590
16597
16607
16629
16631
16634
16640
16649
16651
16668
16687
16690
16701
16715
16718
16725
16740
16746
16747
16765
16782
16789
16793
16794
16817
16828
16829
16835
16845
16887
16903
16911
16912
16916
16918
16922
16923
16925
16928
16935
16951
16955
16960
16967
16974
16976
16977
16983
16986
16999
17015
17016
17018
17020
17029
17034
17036
17053
17060
17061
17062
17069
17088
17091
17105
17116
17118
17119
17132
17139
17161
17162
17168
17185
17187
17188
17191
17194
17197
17200
17212
17221
17227
17230
17234
17239
17246
17257
17268
17283
17286
17292
17297
17299
17305
17308
17323
17329
17336
17340
17350
17377
17382
17393
17399
17403
17447
17460
17464
17467
17471
17495
17505
17510
17511
17514
17515
17516
17519
17522
17524
17528
17530
17532
17535
17536
17537
17548
17557
17561
17565
17566
17579
17587
17589
17608
17613
17625
17629
17641
17648
17650
17674
17676
17682
17685
17686
17691
17724
17728
17732
17737
17743
17842
17843
17848
17854
17861
17862
17863
17865
17876
17886
17889
17892
17899
17907
17926
17934
17943
17951
17960
17968
17970
17971
17973
17999
18006
18008
18015
18026
18031
18037
18051
18058
18059
18064
18076
18083
18096
18099
18127
18136
18138
18180
18188
18201
18204
18207
18208
18219
18228
18235
18244
18251
18259
18260
18280
18281
18286
18301
18309
18324
18332
18337
18351
18366
18373
18378
18381
18385
18394
18402
18412
18414
18430
18434
18435
18437
18439
18448
18450
18457
18471
18472
18480
18493
18495
18502
18506
18515
18527
18529
18534
18535
18554
18556
18557
18561
18563
18564
18572
18581
18585
18590
18594
18598
18608
18614
18632
18642
18648
18665
18679
18680
18685
18687
18692
18693
18701
18710
18714
18718
18728
18734
18740
18744
18745
18746
18751
18757
18788
18796
18804
18805
18808
18814
18816
18820
18833
18836
18848
18855
18856
18863
18864
18878
18880
18881
18882
18884
18888
18891
18894
18895
18909
18924
18927
18931
18940
18941
18962
18965
18969
18976
18980
18994
19006
19008
19010
19016
19023
19034
19054
19063
19076
19083
19091
19096
19118
19121
19138
19139
19148
19152
19154
19159
19174
19175
19205
19206
19210
19217
19223
19224
19247
19264
19279
19289
19296
19303
19308
19327
19329
19332
19336
19337
19357
19359
19380
19402
19423
19439
19455
19476
19478
19481
19488
19493
19504
19511
19518
19535
19539
19548
19549
19556
19570
19580
19587
19603
19606
19609
19623
19630
19647
19656
19658
19660
19661
19670
19672
19673
19683
19684
19706
19714
19716
19719
19722
19732
19742
19743
19745
19752
19754
19760
19835
19836
19841
19853
19857
19865
19869
19870
19880
19892
19893
19901
19905
19907
19921
19927
19929
19932
19956
19958
19963
19972
19973
19977
19978
19981
19988
20001
20002
20006
20014
20015
20018
20021
20034
20039
20040
20044
20068
20075
20082
20089
20091
20092
20097
20110
20129
20130
20133
20136
20140
20151
20153
20154
20168
20178
20182
20188
20204
20206
20212
20216
20228
20233
20234
20239
20245
20252
20255
20286
20289
20304
20318
20376
20388
20392
20398
20412
20414
20422
20432
20435
20443
20452
20465
20467
20468
20473
20491
20496
20508
20513
20521
20530
20533
20536
20553
20559
20563
20564
20579
20588
20595
20609
20610
20612
20615
20619
20628
20638
20651
20660
20670
20683
20687
20688
20696
20702
20711
20714
20716
20724
20760
20769
20785
20789
20794
20801
20802
20833
20849
20898
20919
20920
20924
20925
20930
20933
20944
20946
20969
20976
20983
20990
20993
20998
21001
21004
21007
21026
21033
21067
21088
21089
21099
21101
21114
21125
21127
21136
21149
21150
21153
21159
21161
21164
21187
21197
21205
21208
21212
21223
21232
21254
21255
21256
21273
21276
21291
21295
21319
21322
21323
21325
21335
21345
21349
21352
21355
21356
21357
21363
21365
21366
21371
21377
21391
21393
21396
21430
21432
21433
21436
21440
21450
21451
21457
21462
21464
21465
21466
21471
21473
21488
21494
21497
21501
21514
21515
21544
21545
21549
21559
21564
21569
21584
21585
21595
21598
21613
21614
21619
21622
21625
21635
21636
21647
21667
21672
21688
21702
21709
21712
21714
21723
21725
21726
21728
21738
21750
21752
21758
21765
21777
21783
21785
21787
21857
21864
21868
21869
21876
21885
21887
21891
21902
21935
21939
21959
21968
21971
21979
21996
21999
22001
22002
22003
22005
22006
22014
22015
22028
22034
22035
22040
22047
22052
22056
22063
22084
22092
22116
22117
22148
22156
22159
22160
22161
22189
22193
22199
22202
22215
22220
22221
22238
22243
22249
22268
22272
22274
22281
22291
22297
22299
22300
22307
22329
22392
22411
22415
22418
22420
22421
22425
22431
22442
22460
22461
22471
22480
22481
22483
22488
22489
22494
22525
22563
22566
22571
22580
22595
22610
22629
22632
22633
22639
22644
22650
22659
22664
22665
22689
22691
22696
22703
22707
22718
22722
22727
22730
22751
22769
22770
22771
22776
22782
22788
22805
22810
22814
22837
22844
22855
22863
22885
22917
22918
22924
22933
22936
22942
22948
22953
22959
22961
22962
22964
23006
23010
23014
23034
23050
23059
23065
23073
23080
23112
23117
23120
23129
23147
23149
23154
23155
23180
23190
23194
23199
23231
23243
23268
23289
23303
23311
23341
23344
23354
23365
23370
23372
23373
23410
23482
23488
23489
23494
23497
23500
23503
23523
23530
23531
23549
23552
23557
23569
23582
23592
23621
23625
23631
23636
23637
23639
23645
23647
23649
23653
23654
23660
23662
23681
23687
23695
23703
23704
23705
23706
23711
23720
23736
23746
23763
23768
23778
23789
23794
23800
23803
23807
23817
23820
23824
23849
23855
23860
23869
23874
23878
23887
23892
23916
23921
23929
23932
23934
23935
23947
23962
23980
23981
23984
23986
23987
23989
23990
24032
24034
24035
24053
24054
24055
24061
24064
24068
24075
24076
24089
24090
24093
24102
24103
24115
24117
24124
24132
24140
24147
24150
24152
24163
24166
24168
24171
24192
24203
24214
24223
24228
24229
24231
24232
24234
24237
24241
24242
24264
24268
24274
24278
24280
24284
24291
24294
24299
24304
24318
24327
24329
24331
24334
24353
24362
24364
24371
24379
24382
24404
24423
24437
24443
24448
24471
24485
24493
24499
24502
24505
24516
24517
24518
24521
24527
24538
24558
24559
24574
24584
24590
24598
24611
24629
24633
24636
24637
24649
24663
24665
24669
24689
24693
24724
24736
24737
24747
24752
24761
24782
24788
24794
24795
24797
24803
24806
24815
24829
24840
24841
24843
24844
24847
24852
24862
24865
24872
24877
24883
24884
24888
24897
24907
24908
24909
24914
24930
24934
24939
24941
24942
24945
24957
24963
24965
24967
24969
24970
24972
24987
24991
25011
25012
25017
25020
25022
25026
25043
25047
25063
25071
25076
25078
25079
25082
25085
25089
25092
25127
25137
25147
25165
25170
25174
25175
25177
25184
25201
25202
25225
25241
25259
25262
25265
25266
25267
25274
25278
25288
25291
25303
25309
25313
25329
25330
25332
25333
25338
25363
25371
25375
25383
25391
25393
25399
25400
25407
25426
25429
25459
25462
25472
25475
25478
25493
25495
25501
25503
25506
25512
25519
25520
25530
25560
25567
25573
25575
25576
25594
25598
25603
25613
25616
25628
25632
25637
25639
25642
25646
25651
25653
25655
25666
25670
25672
25677
25682
25683
25695
25697
25700
25718
25720
25725
25732
25760
25766
25784
25792
25799
25826
25828
25834
25861
25864
25867
25877
25878
25906
25912
25926
25935
25948
25950
25957
25958
25972
25978
25979
25985
25986
25989
25990
25994
26011
26022
26033
26042
26045
26046
26051
26062
26065
26077
26086
26087
26097
26122
26123
26126
26139
26141
26144
26152
26154
26155
26156
26169
26203
26206
26219
26223
26228
26229
26231
26235
26238
26239
26250
26257
26263
26287
26289
26293
26295
26301
26304
26309
26311
26316
26319
26329
26331
26346
26351
26352
26353
26360
26361
26370
26371
26374
26375
26376
26378
26381
26396
26400
26411
26427
26430
26438
26446
26449
26456
26467
26470
26484
26485
26503
26538
26560
26562
26579
26582
26583
26584
26591
26606
26627
26631
26642
26643
26655
26662
26663
26666
26697
26698
26699
26703
26704
26707
26713
26749
26755
26760
26766
26772
26775
26778
26785
26790
26798
26808
26820
26829
26843
26846
26853
26868
26869
26877
26888
26900
26917
26918
26926
26949
26950
26960
26963
26970
26971
26980
26998
26999
27000
27002
27009
27012
27027
27032
27033
27041
27046
27047
27050
27067
27074
27075
27084
27087
27088
27098
27099
27105
27118
27121
27123
27154
27160
27176
27183
27185
27199
27202
27205
27215
27226
27235
27251
27253
27257
27267
27305
27335
27347
27349
27359
27360
27384
27388
27392
27398
27404
27406
27411
27420
27429
27437
27440
27458
27465
27472
27477
27480
27500
27503
27511
27522
27531
27551
27562
27582
27586
27601
27614
27616
27618
27619
27621
27634
27635
27637
27645
27648
27650
27659
27663
27667
27685
27686
27687
27709
27712
27715
27722
27734
27736
27740
27742
27754
27765
27766
27774
27782
27788
27790
27800
27801
27818
27824
27825
27827
27829
27838
27850
27853
27860
27872
27886
27887
27892
27896
27906
27920
27922
27931
27936
27941
27946
27949
27950
27964
27975
27985
27996
28000
28013
28015
28016
28019
28046
28074
28081
28083
28097
28118
28123
28136
28139
28154
28156
28163
28168
28170
28206
28213
28236
28259
28263
28273
28279
28289
28302
28314
28319
28320
28330
28331
28334
28340
28366
28367
28393
28396
28398
28408
28432
28434
28445
28447
28469
28472
28477
28499
28517
28526
28532
28534
28546
28558
28559
28578
28583
28585
28595
28599
28601
28603
28612
28643
28662
28675
28677
28685
28713
28714
28725
28727
28736
28743
28767
28778
28779
28814
28816
28819
28832
28858
28859
28870
28871
28876
28914
28930
28931
28951
28956
28961
28964
28978
28989
28992
29002
29005
29018
29023
29026
29033
29035
29036
29039
29052
29054
29064
29084
29085
29092
29113
29114
29121
29143
29144
29156
29157
29161
29173
29174
29182
29188
29189
29228
29230
29231
29234
29251
29258
29262
29275
29279
29280
29308
29316
29318
29330
29336
29341
29347
29350
29351
29352
29374
29385
29399
29405
29413
29425
29450
29453
29454
29455
29464
29469
29473
29477
29486
29507
29513
29518
29534
29547
29548
29552
29570
29576
29577
29585
29587
29590
29593
29622
29638
29639
29653
29666
29721
29742
29746
29748
29750
29759
29765
29768
29782
29792
29798
29815
29831
29853
29888
29889
29899
29926
29942
29950
29965
29971
29975
29978
29982
29983
29985
29986
29987
29989
29995
29996
30000
30005
30027
30032
30036
30038
30039
30040
30041
30046
30052
30053
30058
30070
30079
30093
30099
30105
30106
30110
30111
30113
30117
30120
30122
30124
30127
30129
30138
30144
30149
30160
30162
30163
30168
30173
30190
30202
30205
30206
30210
30211
30213
30219
30230
30251
30252
30255
30258
30264
30278
30281
30283
30311
30314
30322
30328
30362
30364
30369
30370
30388
30397
30406
30409
30425
30426
30442
30454
30461
30471
30475
30483
30487
30491
30493
30506
30509
30513
30515
30519
30522
30525
30527
30532
30536
30563
30566
30584
30587
30590
30592
30606
30608
30610
30614
30619
30630
30642
30689
30697
30709
30710
30713
30716
30719
30739
30742
30745
30750
30755
30758
30774
30782
30783
30784
30786
30787
30788
30792
30794
30802
30803
30808
30810
30811
30815
30826
30830
30834
30836
30847
30855
30859
30862
30864
30870
30875
30879
30881
30885
30886
30887
30897
30902
30904
30907
30933
30937
30938
30948
30950
30956
30961
30967
30972
30976
30985
30986
30987
30989
30992
30995
30997
31015
31018
31023
31026
31030
31033
31035
31039
31048
31056
31062
31065
31069
31073
31088
31091
31092
31098
31106
31131
31135
31149
31156
31168
31169
31187
31191
31212
31219
31220
31227
31230
31231
31235
31239
31240
31245
31247
31249
31252
31267
31274
31286
31289
31295
31296
31309
31315
31327
31341
31347
31350
31354
31359
31362
31366
31369
31377
31378
31423
31428
31434
31438
31439
31443
31457
31460
31468
31486
31487
31489
31492
31494
31500
31509
31523
31524
31527
31536
31537
31541
31549
31552
31553
31561
31566
31568
31570
31571
31573
31575
31582
31603
31605
31608
31609
31610
31621
31625
31637
31640
31645
31646
31647
31651
31657
31660
31661
31662
31665
31669
31675
31677
31685
31695
31705
31709
31729
31740
31753
31755
31763
31765
31767
31770
31772
31777
31779
31780
31784
31794
31800
31802
31806
31815
31823
31825
31833
31840
31850
31854
31856
31864
31875
31876
31884
31886
31893
31898
31901
31907
31911
31927
31928
31929
31935
31937
31940
31941
31946
31948
31956
31970
31981
31983
31991
32002
32009
32020
32021
32031
32034
32059
32069
32076
32083
32086
32089
32094
32111
32114
32115
32116
32124
32135
32170
32172
32175
32177
32184
32189
32204
32231
32248
32251
32253
32262
32265
32270
32272
32275
32288
32289
32293
32295
32317
32329
32332
32337
32348
32353
32355
32364
32365
32369
32370
32410
32412
32421
32425
32426
32432
32435
32437
32438
32446
32453
32473
32477
32478
32483
32487
32502
32507
32512
32514
32525
32527
32534
32548
32564
32566
32587
32599
32601
32604
32612
32620
32621
32623
32634
32640
32642
32643
32645
32648
32652
32655
32656
32659
32662
32666
32673
32675
32676
32682
32735
32746
32749
32764
32772
32773
32786
32789
32791
32795
32811
32831
32832
32836
32838
32839
32841
32857
32860
32862
32865
32878
32890
32894
32895
32897
32901
32919
32960
32963
32986
32987
32999
33006
33011
33022
33024
33027
33030
33033
33036
33046
33049
33053
33056
33057
33064
33065
33068
33077
33080
33095
33104
33105
33108
33109
33123
33133
33134
33136
33138
33139
33149
33156
33168
33171
33172
33173
33175
33176
33177
33178
33182
33184
33189
33197
33198
33205
33209
33210
33222
33226
33228
33232
33233
33237
33250
33268
33277
33284
33301
33318
33319
33324
33329
33339
33340
33342
33344
33345
33365
33375
33392
33395
33396
33420
33426
33434
33440
33449
33452
33466
33467
33480
33496
33497
33498
33501
33507
33519
33524
33535
33539
33542
33544
33548
33559
33561
33571
33579
33580
33581
33583
33592
33593
33598
33600
33601
33617
33623
33629
33643
33659
33667
33674
33676
33682
33687
33693
33710
33712
33715
33717
33742
33754
33756
33757
33761
33762
33774
33775
33782
33784
33788
33789
33807
33808
33820
33834
33838
33866
33874
33875
33887
33912
33917
33920
33923
33930
33931
33942
33953
33955
33956
33959
33985
33986
33989
33990
33991
33995
34000
34004
34007
34009
34033
34036
34049
34054
34065
34069
34071
34075
34083
34092
34093
34115
34122
34131
34144
34154
34164
34168
34171
34194
34195
34205
34210
34211
34213
34217
34224
34225
34230
34237
34238
34244
34256
34259
34261
34263
34265
34287
34302
34308
34309
34314
34325
34326
34327
34329
34334
34335
34336
34342
34344
34357
34377
34384
34385
34391
34397
34412
34417
34424
34430
34433
34444
34469
34472
34473
34475
34476
34482
34487
34493
34496
34501
34506
34517
34541
34571
34572
34574
34596
34610
34630
34631
34632
34635
34636
34637
34642
34650
34657
34661
34664
34665
34673
34675
34678
34684
34691
34705
34731
34739
34742
34743
34745
34748
34766
34789
34801
34802
34804
34805
34808
34815
34819
34822
34834
34835
34844
34855
34859
34865
34866
34878
34883
34893
34900
34933
34939
34965
34967
34969
34987
34989
34997
35005
35010
35021
35022
35025
35029
35030
35055
35058
35083
35086
35089
35091
35092
35093
35106
35115
35138
35152
35153
35155
35167
35172
35178
35179
35187
35189
35196
35203
35209
35217
35224
35228
35230
35232
35241
35265
35270
35271
35275
35282
35286
35290
35299
35301
35302
35304
35307
35313
35320
35327
35357
35384
35398
35404
35412
35414
35444
35481
35489
35503
35514
35523
35534
35536
35550
35552
35554
35555
35582
35590
35619
35633
35639
35653
35654
35661
35665
35685
35699
35709
35715
35726
35731
35733
35741
35756
35761
35792
35799
35811
35818
35850
35855
35858
35864
35884
35885
35894
35899
35903
35904
35916
35927
35930
35942
35957
35959
35987
35995
36009
36055
36058
36073
36084
36179
36183
36187
36203
36205
36208
36213
36214
36230
36239
36250
36257
36261
36262
36282
36301
36303
36304
36308
36309
36310
36311
36318
36322
36324
36325
36330
36331
36358
36359
36371
36388
36391
36404
36408
36414
36423
36427
36428
36456
36459
36465
36478
36480
36489
36493
36499
36506
36511
36535
36556
36585
36591
36604
36608
36609
36615
36638
36682
36686
36691
36712
36713
36716
36724
36726
36731
36733
36739
36755
36790
36791
36796
36813
36814
36816
36818
36824
36830
36841
36855
36857
36861
36873
36879
36888
36924
36949
36984
36989
37008
37015
37018
37050
37055
37096
37097
37102
37131
37141
37142
37143
37146
37162
37164
37167
37170
37180
37187
37190
37197
37204
37219
37245
37257
37259
37289
37293
37316
37322
37332
37340
37344
37357
37372
37385
37392
37415
37416
37421
37426
37438
37440
37442
37454
37469
37475
37487
37491
37493
37495
37498
37511
37513
37514
37521
37523
37546
37547
37557
37563
37564
37588
37596
37609
37610
37613
37617
37620
37644
37657
37659
37667
37668
37669
37676
37708
37728
37742
37767
37776
37797
37799
37819
37837
37845
37887
37892
37894
37917
37922
37929
37931
37946
37957
37965
37993
38028
38063
38064
38067
38090
38101
38107
38113
38117
38118
38121
38124
38128
38137
38152
38162
38172
38175
38194
38210
38214
38220
38225
38230
38236
38242
38244
38256
38259
38274
38290
38294
38297
38300
38318
38325
38365
38370
38371
38372
38397
38412
38430
38437
38458
38469
38493
38507
38522
38544
38551
38556
38569
38581
38587
38604
38617
38630
38633
38640
38685
38740
38753
38755
38756
38760
38818
38821
38856
38858
38859
38864
38893
38920
38948
38966
38971
38972
38985
38987
39000
39033
39059
39065
39077
39084
39086
39088
39089
39135
39136
39169
39179
39180
39198
39199
39209
39220
39226
39230
39242
39255
39344
39358
39367
39388
39395
39406
39415
39476
39495
39513
39515
39528
39539
39573
39575
39592
39599
39600
39613
39617
39622
39628
39644
39646
39652
39659
39664
39669
39672
39700
39702
39703
39707
39708
39714
39727
39733
39738
39750
39759
39776
39778
39779
39782
39783
39791
39795
39797
39812
39825
39830
39840
39882
39887
39892
39893
39894
39897
39909
39916
39919
39934
39936
39938
39956
39961
39964
39973
39981
40005
40008
40033
40046
40047
40060
40076
40110
40119
40120
40122
40123
40134
40135
40138
40143
40191
40196
40205
40210
40213
40214
40219
40234
40244
40246
40247
40269
40288
40292
40326
40331
40362
40374
40375
40389
40391
40394
40444
40480
40490
40500
40517
40520
40524
40526
40530
40555
40558
40569
40573
40595
40606
40620
40628
40649
40655
40664
40672
40678
40695
40701
40706
40721
40735
40750
40759
40760
40763
40769
40779
40790
40797
40804
40821
40823
40825
40831
40867
40896
40915
40919
40921
40922
40926
40937
40943
40970
40972
40974
40982
40994
40998
41018
41019
41022
41031
41034
41036
41050
41069
41071
41081
41095
41096
41100
41107
41108
41109
41121
41122
41158
41212
41215
41221
41223
41224
41232
41286
41307
41316
41324
41325
41336
41346
41352
41377
41400
41401
41404
41415
41421
41426
41435
41443
41446
41452
41453
41467
41479
41480
41483
41496
41505
41508
41515
41516
41526
41529
41539
41547
41570
41577
41580
41581
41593
41617
41627
41634
41649
41650
41673
41674
41680
41683
41727
41732
41734
41757
41762
41768
41781
41792
41793
41812
41874
41883
41890
41899
41942
41947
41954
41976
41979
41990
41998
42034
42069
42103
42106
42111
42242
42243
42370
42400
42403
42438
42458
42465
42477
42482
42494
42518
42536
42548
42549
42627
42634
42638
42642
42675
42676
42703
42716
42719
42738
42750
42761
42768
42769
42770
42774
42787
42790
42801
42809
42811
42816
42820
42822
42827
42845
42861
42919
42927
42945
42946
42959
42971
42986
42992
42994
43000
43082
43136
43164
43184
43187
43198
43211
43212
43215
43227
43234
43235
43236
43245
43247
43270
43280
43286
43290
43294
43325
43349
43383
43397
43432
43437
43454
43462
43468
43481
43485
43513
43541
43544
43581
43630
43631
43632
43646
43662
43665
43667
43688
43689
43702
43706
43728
43732
43748
43752
43762
43777
43830
43846
43853
43855
43863
43866
43868
43873
43883
43888
43890
43892
43894
43896
43897
43900
43907
43930
43932
43952
43964
43968
43977
44000
44002
44020
44028
44035
44037
44038
44040
44043
44068
44072
44075
44077
44086
44090
44095
44106
44111
44112
44127
44139
44157
44166
44180
44196
44215
44219
44222
44224
44226
44227
44245
44247
44250
44253
44254
44268
44301
44339
44380
44419
44422
44431
44441
44446
44451
44464
44483
44485
44494
44513
44528
44531
44536
44540
44550
44551
44556
44569
44579
44595
44599
44600
44612
44614
44618
44626
44644
44652
44653
44669
44670
44692
44714
44717
44725
44729
44732
44733
44739
44750
44773
44777
44780
44795
44803
44819
44839
44854
44904
44922
44925
44940
44946
44973
44977
44988
44989
44993
45015
45035
45054
45062
45084
45090
45091
45092
45106
45122
45162
45195
45196
45206
45211
45231
45232
45233
45239
45241
45252
45275
45305
45323
45386
45436
45439
45484
45485
45491
45495
45500
45510
45526
45562
45565
45569
45572
45575
45577
45629
45635
45637
45641
45662
45675
45680
45683
45709
45735
45741
45742
45743
45772
45785
45786
45790
45806
45816
45821
45826
45831
45832
45837
45852
45869
45871
45897
45901
45904
45909
45931
45949
45972
45974
46001
46009
46018
46022
46038
46042
46058
46082
46086
46115
46117
46124
46147
46159
46171
46174
46175
46187
46192
46197
46198
46199
46201
46207
46209
46244
46256
46260
46262
46291
46297
46318
46320
46379
46380
46385
46389
46390
46402
46412
46426
46434
46442
46443
46447
46462
46467
46468
46470
46472
46479
46483
46494
46499
46510
46552
46553
46592
46597
46609
46610
46614
46726
46729
46757
46791
46816
46833
46836
46849
46850
46857
46866
46867
46905
46940
46952
46996
47002
47011
47024
47068
47097
47136
47169
47173
47196
47197
47198
47205
47216
47222
47243
47254
47275
47279
47280
47301
47307
47342
47352
47372
47382
47391
47392
47394
47395
47403
47417
47441
47443
47453
47456
47461
47464
47487
47509
47519
47526
47529
47532
47537
47541
47544
47556
47595
47596
47609
47615
47616
47627
47631
47639
47643
47654
47664
47673
47677
47681
47693
47694
47707
47715
47720
47744
47749
47753
47755
47768
47770
47780
47792
47796
47811
47822
47854
47858
47879
47884
47886
47892
47906
47912
47914
47917
47923
47930
47934
47953
47963
47965
47970
47971
47974
47977
47986
47993
47996
48007
48031
48045
48051
48071
48072
48080
48093
48094
48111
48130
48131
48142
48146
48150
48151
48171
48175
48180
48183
48184
48193
48198
48209
48210
48215
48217
48219
48228
48241
48245
48255
48258
48291
48293
48325
48346
48347
48353
48368
48374
48390
48399
48403
48428
48435
48438
48498
48523
48541
48550
48551
48552
48571
48572
48574
48576
48592
48594
48622
48641
48650
48652
48684
48685
48703
48718
48723
48725
48733
48738
48747
48753
48758
48766
48771
48791
48805
48809
48820
48861
48867
48868
48885
48887
48890
48891
48894
48901
48911
48917
48925
48943
48964
48969
48972
48986
48995
48997
49001
49002
49008
49013
49018
49021
49025
49031
49035
49042
49045
49050
49066
49103
49105
49120
49121
49127
49145
49146
49157
49173
49175
49185
49187
49194
49200
49203
49209
49226
49230
49232
49240
49241
49250
49251
49266
49271
49272
49279
49294
49301
49375
49385
49390
49394
49439
49440
49443
49450
49456
49461
49473
49478
49498
49505
49518
49537
49577
49581
49610
49618
49619
49625
49636
49641
49652
49678
49693
49724
49725
49730
49737
49741
49747
49759
49765
49797
49811
49814
49827
49828
49830
49831
49839
49848
49854
49869
49898
49900
49901
49912
49914
49916
49917
49920
49922
49926
49937
49938
49942
49944
49957
49983
49985
50002
50005
50006
50008
50043
50068
50077
50131
50138
50152
50157
50164
50165
50168
50192
50195
50218
50232
50234
50236
50240
50255
50279
50296
50307
50314
50317
50318
50320
50330
50332
50334
50335
50368
50370
50371
50375
50380
50391
50398
50407
50416
50431
50454
50462
50463
50464
50468
50469
50480
50499
50500
50505
50511
50534
50541
50543
50552
50558
50559
50570
50595
50626
50629
50634
50637
50647
50663
50671
50674
50677
50685
50687
50693
50700
50734
50738
50745
50757
50758
50780
50800
50808
50830
50838
50869
50874
50879
50893
50913
50929
50956
50962
50964
50973
50982
50995
50998
51012
51079
51215
51232
51254
51255
51275
51277
51313
51330
51331
51335
51364
51367
51374
51377
51399
51401
51423
51437
51453
51459
51467
51472
51477
51482
51531
51537
51551
51591
51595
51597
51609
51610
51613
51659
51697
51727
51734
51751
51752
51756
51806
51809
51812
51842
51863
51882
51886
51888
51902
51930
51935
51938
51966
51999
52005
52006
52020
52071
52073
52077
52082
52097
52099
52102
52136
52137
52149
52160
52164
52167
52169
52170
52173
52180
52181
52184
52188
52191
52197
52206
52217
52218
52225
52254
52293
52299
52313
52349
52350
52355
52390
52397
52417
52419
52425
52435
52441
52442
52443
52446
52449
52454
52462
52463
52467
52469
52474
52477
52478
52484
52502
52503
52506
52583
52586
52602
52610
52614
52651
52684
52685
52686
52687
52690
52696
52699
52700
52713
52760
52771
52785
52798
52801
52833
52835
52839
52841
52844
52847
52848
52849
52857
52938
52953
52961
52962
52982
52986
52987
53021
53042
53048
53056
53059
53067
53092
53103
53108
53110
53140
53193
53199
53212
53228
53251
53257
53275
53282
53294
53312
53314
53315
53317
53321
53323
53326
53327
53328
53329
53332
53340
53364
53365
53367
53378
53393
53410
53426
53430
53432
53438
53443
53444
53458
53461
53478
53500
53510
53512
53514
53557
53559
53567
53578
53586
53589
53608
53612
53645
53652
53659
53660
53675
53686
53702
53712
53716
53726
53732
53747
53758
53794
53839
53884
53903
53907
53930
53948
53950
53951
53959
53961
53963
53972
53993
54016
54017
54022
54033
54045
54053
54057
54074
54075
54077
54102
54104
54111
54119
54124
54146
54193
54222
54240
54246
54281
54291
54300
54307
54317
54328
54337
54342
54347
54373
54388
54390
54411
54413
54415
54420
54424
54425
54434
54445
54448
54453
54461
54467
54496
54512
54515
54542
54569
54585
54598
54607
54611
54621
54634
54636
54645
54647
54675
54688
54697
54698
54759
54766
54773
54802
54804
54833
54838
54865
54869
54870
54909
54917
54928
54934
54946
54966
54970
55043
55050
55056
55061
55071
55072
55097
55154
55179
55189
55193
55236
55239
55277
55287
55296
55302
55329
55340
55353
55364
55389
55394
55401
55415
55437
55447
55468
55490
55500
55502
55510
55520
55526
55528
55531
55577
55584
55588
55600
55609
55627
55628
55636
55650
55660
55668
55676
55684
55694
55698
55742
55756
55758
55759
55779
55784
55785
55816
55832
55835
55846
55860
55871
55881
55882
55900
55914
56004
56024
56085
56091
56093
56098
56099
56126
56131
56160
56176
56184
56190
56192
56224
56260
56277
56282
56300
56304
56314
56347
56356
56373
56423
56476
56482
56494
56495
56505
56517
56559
56561
56578
56580
56583
56591
56613
56626
56629
56638
56641
56646
56692
56703
56704
56718
56726
56731
56740
56752
56759
56957
56977
56987
57017
57031
57032
57050
57062
57068
57078
57080
57122
57123
57155
57169
57188
57198
57205
57207
57210
57211
57212
57244
57245
57249
57261
57281
57293
57300
57306
57324
57344
57415
57449
57463
57499
57502
57517
57518
57538
57545
57577
57603
57657
57676
57702
57706
57746
57761
57765
57834
57838
57843
57845
57852
57869
57876
57892
57901
57914
57934
57953
57967
57972
57974
57983
58014
58021
58050
58063
58075
58084
58099
58106
58125
58127
58144
58177
58178
58203
58222
58264
58286
58288
58299
58302
58325
58341
58343
58344
58366
58373
58376
58378
58399
58435
58442
58447
58448
58468
58470
58472
58473
58478
58496
58498
58529
58538
58552
58554
58558
58561
58564
58566
58568
58589
58593
58604
58645
58648
58653
58662
58692
58699
58717
58731
58740
58742
58791
58795
58799
58824
58828
58830
58836
58885
58907
58928
58958
59021
59066
59140
59146
59156
59160
59162
59163
59184
59242
59249
59281
59302
59319
59514
59517
59521
59531
59538
59587
59602
59650
59669
59670
59671
59690
59795
59801
59811
59824
59836
59865
59875
59920
59990
60031
60062
60064
60107
60113
60114
60129
60147
60152
60164
60187
60193
60230
60232
60243
60254
60267
60274
60288
60320
60328
60345
60387
60418
60422
60456
60475
60479
60496
60517
60544
60570
60605
60630
60635
60648
60670
60671
60694
60702
60722
60767
60791
60798
60805
60825
60862
60913
60979
60993
61026
61056
61064
61086
61091
61099
61102
61113
61145
61152
61158
61162
61212
61218
61224
61270
61286
61324
61329
61340
61341
61343
61354
61372
61450
61453
61472
61474
61478
61500
61523
61534
61535
61539
61547
61548
61560
61562
61576
61582
61583
61598
61600
61614
61627
61650
61694
61705
61736
61739
61740
61754
61756
61773
61890
61950
61966
61984
61997
62114
62128
62132
62166
62170
62182
62187
62206
62230
62236
62368
62373
62376
62435
62442
62444
62445
62460
62491
62495
62517
62528
62588
62603
62620
62623
62628
62652
62656
62668
62717
62738
62777
62782
62824
62830
62851
62870
62891
62899
62902
62922
62955
62987
62991
63028
63034
63075
63112
63125
63131
63132
63133
63206
63229
63230
63287
63339
63347
63359
63364
63369
63449
63457
63459
63460
63504
63507
63514
63519
63522
63564
63568
63570
63572
63574
63599
63623
63635
63647
63655
63661
63686
63697
63722
63724
63752
63762
63775
63778
63782
63807
63840
63854
63858
63876
63877
63890
63902
63909
63924
63936
63945
63952
63981
63983
63995
63997
63999
64022
64033
64055
64057
64058
64059
64081
64083
64090
64105
64135
64136
64139
64149
64158
64165
64166
64240
64243
64277
64292
64312
64343
64354
64360
64371
64380
64394
64395
64420
64430
64484
64509
64523
64531
64537
64540
64546
64547
64551
64562
64578
64579
64590
64600
64609
64616
64622
64633
64642
64648
64666
64670
64691
64698
64710
64726
64734
64777
64808
64821
64907
64911
64925
64943
64950
64959
64973
64991
64993
65001
65004
65016
65017
65040
65062
65099
65122
65157
65181
65183
65202
65219
65227
65256
65275
65277
65280
65365
65423
65435
65442
65462
65466
65469
65484
65535
65557
65579
65586
65587
65620
65621
65622
65694
65696
65710
65743
65746
65750
65771
65776
65779
65782
65787
65791
65803
65823
65828
65832
65868
65878
65890
65895
65900
65903
65937
65949
65954
65956
65967
65969
65970
66015
66043
66049
66070
66116
66143
66171
66194
66241
66248
66257
66280
66294
66316
66328
66399
66401
66402
66410
66412
66433
66447
66449
66528
66601
66606
66646
66684
66686
66696
66715
66732
66758
66766
66786
66796
66801
66812
66815
66833
66843
66847
66887
66889
66891
66912
66950
66957
66971
66978
67009
67010
67014
67056
67101
67118
67131
67133
67156
67159
67197
67222
67252
67266
67276
67310
67321
67338
67358
67375
67385
67398
67399
67416
67420
67433
67445
67453
67465
67492
67517
67528
67546
67551
67571
67607
67608
67611
67612
67616
67626
67662
67690
67718
67737
67740
67769
67776
67829
67834
67835
67856
67857
67879
67909
67911
67934
67978
67979
67981
67985
68012
68018
68037
68044
68049
68056
68057
68064
68074
68075
68094
68141
68146
68150
68154
68188
68192
68195
68212
68213
68246
68290
68304
68321
68325
68327
68329
68340
68360
68396
68402
68423
68439
68447
68471
68505
68536
68544
68604
68610
68621
68641
68648
68658
68659
68672
68711
68739
68748
68753
68765
68767
68770
68779
68791
68801
68827
68832
68864
68868
68904
68911
68943
68966
68976
68980
68999
69003
69031
69091
69098
69107
69110
69146
69161
69167
69169
69170
69172
69173
69190
69201
69204
69221
69232
69256
69279
69284
69332
69346
69405
69406
69418
69420
69422
69425
69478
69487
69592
69608
69614
69649
69669
69673
69684
69690
69725
69734
69737
69743
69768
69774
69788
69810
69831
69847
69848
69852
69856
69863
69877
69879
69896
69904
69947
69961
69962
69985
69988
70006
70029
70030
70037
70039
70056
70102
70105
70145
70157
70185
70191
70213
70256
70297
70309
70344
70347
70373
70376
70390
70392
70397
70411
70413
70429
70442
70489
70490
70512
70524
70537
70548
70552
70567
70573
70588
70599
70613
70644
70650
70658
70725
70727
70757
70775
70795
70877
70879
70907
70909
70916
70920
70942
70951
70963
70968
70969
70988
71006
71016
71049
71095
71121
71131
71135
71159
71161
71167
71203
71207
71321
71369
71379
71381
71393
71402
71414
71417
71424
71425
71430
71457
71459
71479
71482
71518
71548
71555
71570
71574
71593
71594
71609
71621
71624
71630
71701
71703
71717
71730
71735
71787
71798
71806
71824
71825
71826
71837
71841
71843
71849
71858
71865
71866
71873
71888
71895
71906
71909
71983
71988
71997
72016
72072
72123
72150
72155
72181
72186
72191
72192
72215
72222
72281
72284
72310
72317
72329
72376
72397
72412
72519
72563
72565
72568
72569
72607
72609
72610
72617
72627
72655
72659
72669
72703
72711
72719
72761
72780
72818
72823
72839
72841
72867
72903
72922
72928
72954
72981
73008
73009
73035
73068
73079
73082
73083
73111
73113
73156
73192
73193
73238
73261
73274
73275
73288
73309
73328
73336
73339
73344
73349
73350
73351
73374
73383
73390
73409
73410
73411
73428
73429
73447
73465
73480
73606
73651
73682
73688
73751
73752
73753
73756
73757
73775
73786
73815
73840
73852
73876
73877
73884
73964
73980
73983
73988
74003
74013
74054
74055
74060
74073
74084
74103
74111
74118
74142
74156
74168
74194
74211
74212
74235
74272
74285
74348
74349
74370
74414
74420
74422
74531
74537
74555
74560
74616
74639
74654
74672
74673
74684
74709
74710
74728
74729
74730
74733
74742
74752
74762
74763
74765
74772
74790
74799
74810
74821
74822
74840
74855
74868
74881
74889
74924
74930
74992
74996
75016
75060
75103
75106
75121
75130
75187
75204
75211
75215
75216
75256
75288
75291
75298
75303
75315
75334
75337
75347
75353
75369
75370
75396
75496
75533
75540
75545
75551
75554
75562
75609
75614
75624
75658
75744
75758
75770
75807
75867
75888
75924
75996
76014
76046
76100
76106
76114
76121
76129
76157
76158
76167
76173
76193
76194
76209
76225
76255
76298
76320
76341
76360
76377
76381
76405
76414
76420
76456
76457
76470
76518
76532
76534
76549
76589
76623
76639
76666
76671
76698
76704
76713
76714
76744
76783
76799
76834
76842
76876
76888
76893
76897
76906
76918
76973
76975
76982
76983
77001
77062
77074
77083
77110
77112
77115
77129
77135
77137
77143
77182
77202
77207
77241
77271
77311
77314
77317
77350
77351
77372
77374
77418
77444
77468
77469
77498
77567
77585
77592
77603
77612
77614
77616
77639
77647
77650
77662
77714
77721
77739
77745
77747
77756
77829
77853
77856
77887
77900
77913
77929
77939
77949
77995
78090
78132
78138
78142
78163
78218
78266
78282
78289
78302
78307
78313
78321
78372
78395
78417
78420
78436
78488
78505
78510
78535
78556
78563
78583
78587
78590
78690
78700
78787
78790
78840
78867
78870
78871
78873
78925
78950
78954
78955
78962
78968
78975
78979
78993
79005
79012
79029
79036
79039
79041
79048
79052
79063
79092
79093
79105
79116
79117
79121
79122
79123
79124
79139
79143
79170
79185
79197
79199
79209
79212
79229
79232
79252
79259
79264
79267
79290
79291
79306
79315
79316
79341
79356
79415
79419
79424
79427
79443
79445
79451
79472
79483
79487
79500
79509
79516
79531
79545
79556
79570
79572
79573
79578
79580
79589
79592
79599
79605
79615
79634
79653
79665
79677
79694
79703
79714
79718
79719
79753
79763
79768
79770
79783
79790
79792
79795
79797
79811
79820
79821
79825
79832
79834
79848
79849
79865
79882
79886
79994
79997
80017
80019
80038
80039
80044
80056
80058
80080
80081
80086
80089
80091
80100
80129
80132
80136
80168
80171
80208
80238
80240
80243
80244
80254
80269
80271
80279
80287
80288
80316
80332
80333
80339
80340
80343
80344
80346
80349
80356
80374
80387
80399
80409
80417
80425
80426
80450
80451
80453
80469
80472
80475
80477
80480
80502
80544
80574
80575
80576
80582
80583
80588
80601
80603
80604
80619
80643
80644
80654
80656
80672
80678
80688
80691
80698
80764
80769
80795
80806
80822
80829
80847
80850
80861
80870
80871
80872
80878
80887
80889
80908
80933
80949
80956
80963
80964
80977
80982
80987
80993
80996
80998
81003
81015
81048
81055
81062
81064
81067
81080
81086
81102
81118
81127
81133
81134
81143
81158
81163
81164
81171
81173
81188
81191
81193
81194
81195
81202
81215
81225
81232
81236
81237
81243
81250
81267
81275
81282
81310
81322
81326
81327
81333
81335
81338
81340
81341
81371
81374
81393
81399
81401
81405
81419
81451
81453
81457
81464
81465
81480
81494
81497
81498
81499
81506
81507
81516
81526
81529
81543
81544
81586
81608
81610
81612
81617
81619
81629
81630
81639
81640
81642
81645
81651
81670
81672
81676
81679
81708
81724
81727
81741
81742
81765
81769
81783
81790
81791
81807
81817
81818
81821
81822
81835
81852
81856
81860
81869
81876
81877
81879
81897
81898
81905
81929
81932
81945
81952
81966
81968
81978
81987
81998
82004
82012
82034
82059
82067
82070
82071
82083
82098
82100
82103
82137
82229
82231
82248
82252
82253
82254
82269
82277
82278
82285
82292
82295
82314
82315
82316
82322
82329
82335
82370
82401
82403
82419
82444
82445
82449
82454
82458
82471
82475
82498
82503
82511
82512
82523
82525
82547
82566
82585
82595
82611
82637
82658
82666
82684
82687
82697
82712
82726
82731
82737
82753
82760
82782
82819
82821
82827
82834
82836
82839
82844
82858
82867
82901
82903
82904
82917
82925
82929
82930
82934
82951
82955
82956
82975
82995
83015
83021
83044
83048
83057
83061
83062
83083
83087
83089
83097
83117
83123
83130
83135
83137
83138
83149
83159
83167
83177
83181
83196
83199
83220
83241
83252
83262
83265
83271
83276
83279
83339
83342
83347
83348
83349
83350
83370
83371
83382
83383
83397
83398
83402
83417
83423
83429
83467
83470
83484
83494
83496
83503
83508
83517
83530
83539
83540
83541
83544
83545
83558
83561
83564
83575
83582
83589
83595
83599
83603
83604
83606
83612
83622
83626
83631
83633
83636
83638
83658
83678
83715
83728
83731
83737
83788
83814
83824
83848
83859
83875
83885
83911
83918
83939
83951
83954
83955
83962
83990
83994
84008
84025
84032
84034
84035
84045
84048
84075
84076
84077
84084
84103
84109
84127
84140
84154
84165
84202
84222
84238
84251
84253
84258
84278
84294
84315
84345
84357
84360
84369
84386
84391
84399
84411
84413
84414
84417
84430
84433
84470
84474
84475
84482
84486
84494
84501
84528
84538
84540
84597
84611
84615
84648
84671
84727
84741
84744
84746
84775
84784
84786
84797
84819
84833
84845
84854
84893
84902
84909
84924
84930
84932
84941
84945
84950
84956
84958
84969
84971
84975
84983
84992
85018
85021
85047
85077
85112
85132
85133
85174
85225
85235
85243
85264
85279
85280
85281
85287
85289
85322
85330
85331
85341
85342
85348
85359
85362
85377
85383
85393
85409
85446
85447
85460
85466
85471
85472
85488
85492
85502
85509
85538
85539
85542
85563
85570
85571
85606
85633
85662
85695
85699
85710
85736
85740
85745
85752
85753
85762
85790
85796
85830
85841
85845
85850
85871
85877
85885
85889
85895
85914
85921
85943
85980
85986
85995
86009
86012
86022
86025
86033
86037
86041
86042
86055
86056
86057
86058
86062
86074
86086
86088
86094
86101
86107
86110
86113
86116
86139
86176
86181
86190
86193
86194
86196
86208
86219
86255
86257
86303
86324
86345
86347
86362
86369
86372
86380
86416
86433
86480
86482
86487
86512
86529
86557
86603
86606
86622
86628
86635
86637
86650
86657
86664
86668
86674
86682
86683
86686
86690
86698
86706
86715
86719
86733
86741
86785
86806
86808
86819
86831
86851
86856
86857
86872
86883
86886
86895
86909
86958
86960
86989
86991
87012
87035
87041
87042
87043
87059
87074
87078
87081
87085
87088
87106
87120
87131
87152
87177
87184
87188
87191
87193
87213
87227
87230
87238
87253
87255
87256
87265
87285
87292
87319
87326
87346
87379
87413
87414
87416
87442
87449
87453
87464
87482
87484
87498
87529
87567
87595
87601
87616
87631
87632
87640
87673
87677
87685
87695
87712
87717
87733
87740
87744
87749
87762
87775
87790
87798
87854
87855
87858
87868
87878
87880
87882
87906
87917
87918
87921
87955
87962
87975
87986
88000
88008
88009
88010
88022
88030
88057
88085
88097
88100
88119
88125
88127
88128
88130
88135
88142
88145
88147
88148
88161
88164
88195
88201
88203
88211
88212
88231
88248
88261
88277
88281
88344
88370
88400
88402
88406
88410
88420
88439
88448
88460
88465
88479
88494
88508
88512
88518
88519
88523
88532
88535
88541
88549
88558
88593
88595
88597
88604
88632
88651
88652
88653
88665
88666
88675
88678
88695
88715
88716
88717
88741
88743
88745
88749
88754
88755
88767
88773
88784
88788
88845
88850
88852
88865
88869
88873
88878
88887
88904
88910
88936
88937
88944
88945
88959
88982
88985
89001
89017
89029
89040
89045
89047
89069
89079
89093
89115
89120
89129
89144
89153
89154
89157
89158
89171
89174
89180
89232
89236
89239
89248
89265
89266
89271
89279
89281
89282
89303
89320
89322
89323
89331
89340
89341
89350
89354
89362
89370
89371
89372
89408
89419
89442
89447
89451
89452
89455
89456
89464
89467
89481
89485
89486
89489
89505
89512
89527
89530
89562
89567
89569
89579
89594
89604
89612
89644
89662
89679
89706
89719
89728
89729
89738
89740
89742
89758
89771
89783
89786
89798
89800
89809
89814
89824
89828
89920
89921
89925
89929
89935
89957
89958
89975
90008
90009
90011
90024
90027
90028
90050
90051
90052
90070
90075
90076
90089
90091
90094
90100
90102
90121
90128
90151
90181
90182
90186
90187
90188
90215
90253
90278
90282
90303
90308
90314
90315
90355
90370
90382
90388
90429
90437
90438
90457
90472
90474
90476
90478
90505
90515
90518
90520
90543
90545
90564
90583
90602
90636
90637
90656
90662
90663
90664
90672
90765
90776
90779
90800
90815
90821
90824
90833
90845
90976
90982
90993
90998
91001
91006
91015
91023
91040
91061
91064
91072
91078
91124
91171
91188
91228
91255
91268
91310
91313
91314
91326
91328
91331
91385
91406
91418
91459
91471
91472
91496
91526
91580
91581
91597
91615
91641
91645
91656
91667
91668
91686
91689
91692
91699
91703
91781
91782
91802
91804
91869
91870
91882
91902
91955
91960
91986
91998
92006
92028
92033
92054
92116
92133
92134
92150
92165
92170
92191
92210
92211
92214
92233
92244
92265
92291
92297
92298
92337
92356
92372
92389
92394
92425
92427
92453
92454
92456
92474
92475
92491
92514
92521
92554
92556
92559
92562
92564
92570
92575
92591
92593
92603
92630
92632
92676
92677
92722
92742
92773
92781
92784
92808
92853
92882
92907
92909
92910
92914
92940
92944
92954
92955
92966
92969
92977
92980
93012
93013
93027
93042
93072
93076
93094
93111
93134
93151
93184
93193
93195
93227
93235
93261
93303
93334
93352
93357
93384
93387
93399
93442
93452
93487
93533
93552
93572
93573
93574
93590
93607
93616
93640
93642
93645
93681
93684
93688
93690
93696
93739
93740
93756
93764
93778
93783
93796
93866
93867
93877
93941
93962
93972
93987
93988
94015
94020
94031
94036
94046
94047
94051
94077
94080
94104
94108
94138
94141
94161
94174
94180
94190
94301
94307
94321
94323
94365
94366
94371
94372
94378
94431
94450
94454
94481
94483
94490
94503
94516
94527
94544
94559
94560
94576
94613
94618
94642
94645
94660
94674
94679
94690
94710
94713
94769
94802
94803
94814
94831
94832
94833
94840
94851
94874
94877
94916
94917
94918
94926
94938
94949
94966
94994
95010
95012
95026
95043
95051
95052
95079
95107
95122
95143
95144
95160
95194
95207
95209
95225
95266
95270
95299
95309
95311
95316
95319
95326
95327
95344
95348
95359
95372
95404
95414
95418
95419
95421
95426
95434
95460
95489
95507
95536
95589
95590
95602
95604
95612
95618
95625
95670
95705
95713
95723
95733
95753
95763
95782
95788
95791
95798
95809
95815
95818
95850
95851
95860
95874
95883
95899
95907
95912
95914
95956
95981
96001
96002
96055
96078
96084
96089
96093
96094
96111
96121
96156
96168
96203
96216
96221
96232
96271
96326
96340
96367
96402
96403
96411
96412
96420
96422
96424
96436
96445
96467
96476
96481
96482
96483
96506
96523
96526
96538
96574
96589
96613
96615
96620
96631
96633
96635
96651
96653
96693
96704
96736
96759
96786
96822
96904
96920
96942
96947
96959
97009
97019
97028
97031
97035
97049
97054
97059
97065
97068
97069
97080
97119
97121
97127
97131
97140
97141
97151
97152
97161
97184
97205
97220
97257
97268
97270
97281
97283
97297
97316
97327
97332
97353
97374
97403
97411
97423
97427
97430
97435
97442
97443
97444
97447
97450
97454
97479
97527
97535
97542
97564
97571
97578
97584
97595
97596
97602
97604
97634
97668
97711
97724
97754
97764
97843
97846
97866
97900
97901
97903
97905
97961
97985
97986
97999
98003
98004
98006
98019
98020
98021
98031
98033
98035
98070
98091
98097
98143
98145
98157
98165
98186
98188
98220
98250
98258
98270
98279
98297
98314
98315
98341
98349
98352
98362
98363
98369
98382
98385
98428
98434
98476
98485
98486
98509
98525
98535
98543
98554
98566
98612
98618
98643
98647
98684
98687
98692
98706
98715
98725
98729
98743
98749
98750
98767
98770
98796
98813
98815
98824
98833
98836
98863
98866
98886
98895
98920
98921
98933
98936
98937
98950
99011
99016
99042
99043
99083
99085
99092
99117
99119
99148
99152
99155
99158
99162
99252
99260
99269
99272
99286
99289
99307
99312
99318
99335
99338
99351
99362
99375
99379
99394
99409
99410
99465
99477
99481
99489
99491
99496
99499
99519
99549
99552
99561
99565
99575
99596
99619
99621
99631
99639
99642
99645
99675
99686
99690
99697
99716
99719
99748
99822
99836
99856
99877
99882
99883
99887
99916
99925
99930
99938
99961
99964
99976
99985
99987
99993
99999
100012
100013
100023
100039
100048
100049
100054
100076
100086
100088
100104
100110
100118
100128
100159
100165
100178
100193
100214
100218
100226
100227
100230
100243
100246
100249
100250
100273
100285
100287
100290
100303
100334
100342
100352
100357
100363
100374
100382
100399
100419
100434
100437
100459
100465
100475
100484
100490
100492
100499
100500
100505
100513
100521
100527
100528
100530
100535
100570
100571
100573
100585
100586
100635
100664
100668
100669
100693
100764
100767
100785
100819
100827
100833
100834
100918
100921
100925
100929
100998
101012
101051
101075
101094
101115
101118
101190
101208
101218
101232
101275
101304
101311
101314
101318
101320
101338
101352
101363
101365
101373
101375
101379
101402
101410
101420
101421
101444
101449
101451
101456
101465
101466
101467
101468
101481
101483
101490
101496
101509
101525
101527
101532
101541
101545
101576
101577
101578
101579
101637
101649
101702
101705
101720
101748
101768
101776
101777
101781
101794
101806
101854
101857
101872
101882
101903
101910
101936
101946
101951
101954
101962
101972
101982
101993
101994
102040
102046
102082
102099
102129
102142
102175
102195
102208
102260
102285
102293
102296
102316
102337
102351
102365
102372
102374
102414
102425
102426
102428
102453
102484
102494
102545
102546
102603
102620
102646
102684
102686
102687
102691
102702
102711
102726
102764
102774
102775
102805
102811
102819
102821
102828
102835
102839
102840
102842
102843
102867
102874
102883
102885
102886
102888
102895
102904
102906
102907
102938
102948
102949
102951
102952
102955
102956
102962
102971
102973
102980
103003
103007
103021
103040
103041
103046
103048
103051
103055
103069
103075
103087
103089
103110
103126
103137
103138
103142
103144
103145
103146
103151
103152
103154
103161
103175
103178
103180
103185
103186
103194
103200
103201
103203
103215
103226
103227
103231
103235
103240
103241
103260
103263
103278
103281
103283
103291
103293
103309
103310
103314
103328
103330
103334
103335
103342
103351
103354
103358
103362
103367
103368
103379
103385
103386
103397
103400
103406
103409
103413
103416
103417
103418
103422
103425
103429
103431
103432
103440
103441
103443
103444
103448
103455
103484
103490
103491
103492
103493
103494
103504
103505
103506
103516
103517
103541
103546
103553
103555
103558
103572
103587
103588
103589
103590
103612
103614
103627
103631
103632
103655
103656
103677
103681
103696
103701
103705
103727
103735
103750
103752
103753
103768
103786
103793
103798
103803
103818
103842
103851
103852
103857
103881
103901
103903
103905
103907
103908
103914
103935
103975
103990
103997
104032
104034
104035
104036
104038
104041
104042
104069
104072
104074
104080
104096
104100
104102
104103
104107
104108
104109
104110
104117
104127
104128
104136
104143
104168
104172
104189
104192
104193
104198
104200
104212
104217
104224
104226
104234
104246
104249
104250
104254
104255
104262
104265
104266
104282
104284
104285
104286
104298
104314
104315
104319
104328
104343
104351
104354
104355
104369
104372
104375
104396
104419
104423
104431
104453
104454
104468
104471
104472
104477
104478
104481
104488
104511
104512
104515
104521
104538
104545
104547
104554
104563
104565
104570
104580
104584
104585
104593
104599
104605
104611
104626
104627
104645
104649
104652
104653
104657
104659
104660
104662
104663
104668
104675
104677
104688
104694
104698
104699
104700
104704
104707
104723
104726
104727
104749
104750
104773
104774
104781
104792
104807
104809
104813
104823
104837
104838
104846
104858
104867
104882
104885
104886
104917
104927
104935
104944
104968
104969
105003
105005
105008
105017
105019
105020
105021
105066
105078
105086
105096
105104
105111
105141
105153
105169
105191
105201
105207
105208
105209
105210
105212
105213
105230
105231
105239
105244
105274
105280
105295
105297
105320
105321
105323
105325
105329
105369
105372
105414
105421
105422
105465
105466
105506
105523
105528
105548
105549
105552
105563
105564
105574
105585
105597
105609
105611
105623
105732
105777
105778
105780
105781
105787
105843
105851
105856
105871
105880
105897
105908
105913
105921
105924
105925
105926
105954
105991
105994
105998
105999
106002
106003
106010
106020
106026
106029
106034
106038
106042
106072
106079
106086
106087
106088
106105
106106
106107
106125
106130
106132
106136
106167
106168
106175
106177
106194
106216
106248
106260
106280
106281
106285
106302
106307
106308
106310
106311
106331
106336
106338
106353
106355
106374
106402
106409
106434
106440
106447
106452
106454
106466
106484
106485
106486
106487
106524
106528
106530
106544
106552
106557
106558
106566
106578
106580
106581
106596
106597
106617
106657
106680
106684
106696
106699
106702
106703
106712
106720
106721
106723
106727
106729
106731
106743
106747
106787
106795
106834
106842
106844
106845
106846
106849
106852
106854
106867
106874
106875
106880
106885
106894
106919
106923
106926
106930
106950
106962
106974
106977
106982
106985
106998
107029
107048
107053
107063
107084
107089
107095
107119
107121
107122
107124
107131
107132
107161
107168
107185
107186
107203
107204
107205
107219
107235
107236
107248
107249
107260
107270
107299
107305
107308
107324
107343
107353
107376
107379
107383
107385
107421
107423
107439
107446
107449
107452
107457
107482
107483
107493
107503
107507
107508
107513
107566
107572
107575
107597
107609
107618
107629
107630
107631
107636
107667
107669
107673
107674
107706
107717
107737
107757
107758
107761
107765
107785
107794
107810
107841
107843
107872
107882
107888
107906
107952
108011
108040
108060
108068
108129
108152
108161
108167
108179
108187
108194
108195
108216
108222
108232
108242
108244
108245
108249
108252
108255
108262
108281
108293
108296
108298
108302
108313
108317
108319
108324
108325
108332
108362
108377
108406
108448
108466
108523
108590
108599
108632
108635
108653
108672
108701
108705
108721
108726
108944
108964
108992
109004
109013
109087
109112
109138
109185
109201
109204
109243
109251
109252
109261
109262
109269
109284
109285
109302
109313
109353
109358
109362
109396
109404
109441
109442
109455
109466
109479
109502
109516
109524
109549
109567
109577
109586
109588
109606
109612
109622
109649
109667
109676
109677
109679
109703
109704
109730
109774
109781
109805
109808
109809
109812
109850
109861
109876
109892
109907
109921
109926
109931
109935
109947
110006
110007
110017
110064
110069
110074
110080
110102
110105
110117
110127
110130
110178
110186
110220
110227
110230
110237
110274
110293
110295
110300
110333
110364
110371
110389
110400
110404
110408
110419
110435
110442
110459
110460
110470
110478
110489
110490
110492
110493
110496
110497
110498
110499
110532
110560
110569
110572
110588
110589
110602
110620
110679
110680
110682
110690
110726
110733
110774
110777
110782
110811
110859
110860
110862
110903
110916
110925
110927
110963
110976
110984
110985
110988
111043
111076
111099
111102
111107
111117
111182
111191
111194
111207
111215
111218
111249
111257
111294
111299
111351
111357
111407
111424
111425
111426
111436
111539
111580
111601
111611
111616
111628
111632
111633
111637
111659
111674
111675
111687
111689
111716
111744
111746
111772
111779
111796
111821
111838
111841
111847
111887
111958
111961
111962
111963
111964
111967
111997
112003
112004
112010
112050
112053
112055
112088
112092
112115
112116
112134
112161
112179
112228
112252
112280
112285
112286
112335
112383
112435
112452
112457
112467
112495
112532
112592
112625
112670
112679
112716
112734
112737
112746
112748
112751
112786
112793
112801
112813
112824
112879
112888
112889
112899
112910
112912
112919
112937
112942
112950
112975
112992
113014
113072
113222
113226
113269
113310
113315
113322
113335
113342
113347
113383
113425
113429
113472
113479
113512
113520
113527
113575
113599
113609
113659
113665
113673
113675
113686
113687
113729
113738
113753
113769
113834
113842
113843
113846
113907
113937
113949
113973
113975
113996
114134
114177
114178
114205
114266
114272
114298
114303
114366
114394
114411
114412
114428
114474
114488
114532
114553
114588
114593
114614
114625
114673
114680
114694
114762
114803
114811
114869
114878
114931
114979
115031
115092
115100
115108
115117
115132
115134
115142
115147
115192
115193
115238
115239
115243
115272
115321
115323
115324
115331
115363
115416
115433
115490
115511
115518
115524
115528
115533
115544
115554
115556
115568
115570
115571
115573
115574
115589
115634
115655
115657
115663
115705
115713
115716
115746
115749
115752
115755
115756
115769
115800
115802
115928
115963
115972
116004
116015
116050
116109
116126
116128
116142
116151
116159
116167
116213
116222
116225
116226
116227
116257
116264
116270
116271
116277
116297
116313
116316
116363
116366
116369
116392
116393
116400
116421
116432
116433
116475
116479
116509
116541
116544
116545
116551
116559
116567
116582
116590
116603
116614
116619
116622
116660
116738
116746
116769
116773
116780
116792
116797
116804
116807
116808
116823
116826
116843
116851
116854
116859
116895
116900
116905
116911
116916
116929
116932
116939
116940
116949
116959
116968
116993
117008
117028
117029
117030
117032
117054
117067
117095
117103
117105
117108
117116
117130
117131
117177
117187
117218
117220
117222
117231
117290
117296
117318
117321
117327
117356
117366
117419
117432
117440
117455
117466
117494
117495
117508
117530
117576
117586
117589
117607
117626
117654
117655
117693
117694
117731
117751
117790
117801
117802
117848
117857
117858
117859
117867
117873
117880
117885
117905
117914
117920
117976
117982
117983
117987
117999
118017
118018
118025
118037
118042
118046
118065
118101
118113
118114
118117
118128
118131
118137
118147
118155
118182
118188
118197
118225
118268
118281
118287
118304
118306
118307
118342
118362
118370
118386
118398
118401
118412
118443
118455
118474
118502
118527
118560
118576
118577
118597
118617
118654
118659
118665
118683
118689
118697
118698
118704
118706
118708
118724
118725
118731
118750
118786
118797
118803
118804
118823
118836
118857
118870
118901
118967
118980
119004
119015
119024
119053
119074
119081
119092
119101
119103
119105
119109
119114
119116
119123
119136
119141
119147
119150
119170
119198
119236
119256
119281
119345
119369
119402
119403
119506
119509
119512
119520
119528
119531
119571
119572
119578
119587
119600
119605
119608
119613
119695
119698
119714
119715
119723
119738
119793
119804
119857
119889
119893
119937
119957
119973
120008
120020
120034
120043
120061
120137
120139
120142
120154
120159
120165
120212
120214
120249
120274
120298
120308
120337
120346
120382
120393
120414
120416
120425
120469
120500
120550
120585
120612
120617
120664
120665
120670
120671
120719
120727
120770
120776
120780
120804
120831
120892
120908
120911
120949
120958
120966
120985
120999
121016
121032
121084
121085
121123
121124
121131
121138
121141
121142
121148
121173
121175
121197
121203
121208
121253
121264
121319
121323
121324
121331
121379
121381
121387
121435
121439
121444
121478
121496
121504
121526
121533
121557
121586
121603
121629
121676
121677
121783
121810
121819
121821
121869
121942
121947
121974
122013
122027
122031
122036
122038
122041
122052
122073
122085
122092
122154
122155
122186
122190
122202
122237
122247
122266
122271
122282
122319
122341
122348
122381
122447
122464
122529
122550
122555
122565
122570
122609
122617
122619
122630
122632
122641
122642
122649
122683
122709
122777
122797
122815
122832
122842
122850
122855
122869
122891
123001
123005
123017
123035
123062
123071
123072
123098
123103
123161
123168
123169
123248
123261
123264
123265
123266
123267
123271
123322
123324
123344
123352
123367
123371
123416
123436
123442
123445
123466
123511
123512
123547
123567
123571
123574
123579
123591
123629
123630
123633
123640
123666
123677
123684
123687
123745
123788
123789
123805
123811
123812
123832
123888
123919
123922
123926
123927
123935
123941
123943
123994
124020
124098
124111
124156
124163
124165
124169
124171
124179
124180
124200
124215
124353
124375
124390
124453
124466
124535
124548
124552
124578
124598
124601
124604
124630
124678
124685
124708
124728
124751
124754
124761
124764
124794
124796
124833
124930
124934
124936
124978
124988
124991
125003
125014
125064
125079
125103
125105
125109
125116
125121
125163
