51
65
73
84
94
146
186
213
214
222
253
355
372
378
442
446
451
551
664
681
696
746
800
879
888
896
925
978
1070
1083
1179
1238
1274
1287
1288
1292
1293
1412
1416
1470
1565
1577
1647
1692
1705
1720
1788
1795
1866
1932
1943
2192
2253
2260
2271
2302
2307
2316
2329
2347
2499
2523
2553
2590
2760
2877
2971
3069
3109
3132
3225
3267
3294
3418
3464
3531
3560
3574
3642
3746
3759
3883
3955
3958
3973
4030
4038
4057
4159
4261
4264
4432
4489
4520
4526
4591
4698
4767
4798
5085
5090
5406
5437
5459
5461
5510
5591
5672
5736
5788
5810
5906
5983
6025
6041
6105
6178
6215
6261
6307
6373
6487
6575
6589
6659
6979
7032
7065
7066
7233
7460
7502
7607
7627
7677
7697
7942
8493
8584
8641
9179
9371
9399
9679
9865
10233
10279
10347
10444
10781
10954
11247
11394
11409
11687
11961
12146
12215
12238
12308
12500
12679
12759
12836
12918
13144
13169
13243
13247
13315
13328
13610
13718
13801
13837
14199
14286
14303
14668
14674
14698
14891
14999
15000
15312
15486
15775
16470
16566
16668
16829
16835
17186
17239
17382
17566
17647
17658
18097
18112
18385
18414
18574
18827
19062
19518
19537
19583
19630
19719
19932
20305
20588
20925
21333
21563
21653
21682
21725
21935
22015
22281
22665
22948
24279
24280
24404
24467
24496
24736
24897
25012
25016
25080
25259
25457
25462
25598
25793
26289
26304
26376
26438
26504
26560
26698
27351
27788
28170
28469
28619
29147
29231
29403
29497
29513
29585
29888
30764
30774
31015
31149
31541
31729
32204
32572
33184
33544
33930
33986
34010
34344
34506
34609
34861
35744
35944
35995
36084
36414
36556
36682
36731
36814
37180
37530
37557
37742
38421
38760
39760
40649
40666
40867
41217
41230
41547
41958
42986
43227
43485
43610
43853
43874
44942
45195
45231
45275
45621
45648
45765
46042
46262
46412
47556
47643
47677
47930
48024
48150
48180
48201
48255
48901
49045
49120
49157
49416
49652
49661
49725
49730
49797
49922
50165
50279
50318
50391
50647
50784
50808
50893
51752
52097
52687
54146
54291
54496
54802
55072
56190
57281
57323
58740
61086
63025
64783
67879
69098
70430
71049
71699
72841
73606
74054
75739
76381
79763
80103
81158
81188
81195
81630
81645
83544
84270
84474
84992
86272
87482
88135
88850
91870
92966
93235
93739
95419
96483
96671
100437
101051
101910
102687
103145
103152
103677
105106
106155
106203
110027
110394
111782
112088
112179
112716
116618
117105
118306
119666
124796
