10
18
25
33
51
61
75
78
88
95
103
156
200
219
252
275
293
310
362
369
372
387
390
418
454
527
528
538
580
594
595
616
643
661
694
695
752
760
774
838
903
926
979
981
984
989
1056
1094
1138
1222
1469
1506
1507
1696
1783
1825
1846
1861
1924
1965
2358
2434
2481
2592
2760
2771
2839
2902
3002
3218
3271
3350
3444
3452
3514
3711
3786
3902
4004
4010
4040
4079
4151
4328
4441
4449
4628
4643
4723
4726
4923
4959
5069
5074
5126
5129
5132
5299
5316
5322
5403
5424
5446
5674
5688
5820
5957
6196
6240
6385
6612
6624
6812
6818
7033
7326
7331
7613
7621
7786
7787
8056
8354
8400
8460
8743
8805
8820
8933
8994
9150
9243
9265
9273
9274
9280
9294
9299
9301
9332
9333
9337
9381
9398
9399
9415
9420
9477
9595
9651
9688
9737
9797
9915
9957
10037
10057
10067
10079
10127
10146
10160
10166
10185
10188
10195
10204
10259
10268
10303
10315
10321
10365
10383
10413
10444
10445
10467
10468
10481
10500
10506
10540
10541
10621
10640
10692
10730
10732
10746
10747
10755
10763
10793
10812
10817
10830
10884
10933
11090
11097
11126
11235
11261
11265
11316
11401
11405
11410
11442
11499
11545
11612
11670
11683
11727
11758
11779
11861
11867
11893
11910
11970
12120
12224
12228
12243
12310
12330
12461
12565
12706
12802
12947
13026
13036
13203
13239
13278
13286
13383
13420
13488
13618
13637
13679
13830
13884
14071
14084
14172
14188
14252
14262
14275
14278
14297
14303
14308
14329
14354
14358
14359
14367
14404
14420
14448
14460
14481
14484
14506
14508
14566
14579
14613
14630
14642
14663
14684
14706
14736
14802
14894
14971
14993
14999
15103
15127
15181
15285
15384
15408
15418
15439
15540
15551
15585
15607
15642
15658
15707
15759
15814
15907
15908
16030
16117
16175
16185
16292
16420
16456
16535
16536
16546
16572
16689
16773
16945
17063
17198
17199
17277
17300
17301
17324
17340
17348
17372
17373
17383
17384
17433
17438
17453
17473
17488
17489
17507
17541
17551
17552
17567
17575
17581
17605
17608
17609
17624
17696
17725
17746
17750
17755
17763
17764
17784
17845
17852
17875
17889
17900
17912
17921
17934
17951
17967
17984
18051
18111
18125
18139
18211
18305
18322
18337
18424
18537
18602
18622
18631
18721
18804
18812
18951
19010
19030
19101
19104
19113
19191
19222
19349
19421
19466
19495
19517
19562
19595
19765
19773
19866
19872
19997
20107
20112
20140
20183
20232
20272
20370
20451
20554
20595
20605
20708
20762
20916
21130
21137
21142
21158
21232
21311
21354
21357
21469
21472
21626
21628
21688
21751
21814
21815
21879
21891
21995
22010
22021
22040
22041
22053
22152
22159
22240
22252
22282
22322
22384
22409
22410
22604
22616
22766
22845
22852
22885
22924
22967
22969
23011
23036
23065
23097
23116
23126
23130
23273
23275
23477
23501
23640
23710
23744
23817
23868
23936
24021
24046
24127
24163
24290
24291
24396
24417
24500
24629
24640
24642
24649
24652
24676
24679
24686
24713
24722
24738
24745
24765
24800
24821
24831
24836
24868
24870
24873
24879
24884
24897
25092
25104
25135
25166
25353
25414
25428
25446
25531
25584
25596
25653
25665
25670
25681
25725
25726
25727
25729
25731
25824
25838
25843
25855
25884
25918
25919
25921
25931
25933
25940
25986
26050
26109
26199
26203
26221
26249
26253
26290
26320
26398
26399
26408
26420
26452
26496
26535
26556
26615
26683
26691
26696
26697
26712
26726
26736
26756
26762
26812
26841
26857
26926
27000
27173
27202
27307
27332
27388
27389
27415
27418
27420
27431
27432
27435
27442
27446
27447
27448
27454
27472
27539
27557
27572
27589
27603
27605
27644
27740
27776
27815
27871
27872
27922
27927
27935
27936
27937
27949
28103
28110
28111
28132
28139
28182
28184
28276
28364
28368
28375
28387
28393
28397
28432
28443
28456
28469
28484
28512
28523
28526
28552
28560
28561
28574
28582
28605
28649
28653
28687
28702
28710
28717
28755
28773
28778
28795
28796
28801
28802
28842
28870
28882
28920
28938
28948
28968
28985
28991
29041
29042
29046
29072
29083
29096
29113
29120
29132
29151
29168
29193
29198
29237
29248
29255
29278
29302
29330
29444
29544
29583
29609
29623
29665
29707
29735
29879
29963
30035
30052
30078
30352
30438
30465
30530
30576
30614
30668
30800
30845
30889
31010
31023
31028
31040
31094
31190
31208
31218
31272
31316
31332
31389
31470
31491
31556
31569
31624
31632
31685
31700
31782
31889
31913
31958
31962
32027
32044
32207
32261
32304
32337
32437
32440
32452
32458
32471
32531
32620
32639
32707
32768
32783
32896
32939
32957
32978
33062
33081
33117
33147
33155
33233
33244
33329
33435
33504
33574
33588
33606
33615
33628
33737
33740
33756
33769
33775
33821
33825
33830
33865
33885
33895
33900
33908
33965
34030
34060
34073
34080
34127
34135
34151
34165
34305
34390
34391
34442
34546
34554
34586
34795
34802
34823
34855
34881
34982
35004
35040
35051
35121
35139
35228
35254
35281
35337
35345
35379
35406
35544
35549
35562
35614
35658
35668
35720
35760
35835
35943
35950
35954
35972
35975
35978
36058
36076
36157
36163
36210
36302
36316
36331
36451
36458
36531
36544
36603
36701
36723
36728
36791
36794
36799
36822
36843
36883
36931
37023
37151
37217
37269
37325
37375
37395
37467
37480
37504
37511
37518
37522
37529
37560
37582
37596
37614
37670
37686
37748
37757
37788
37792
37804
37846
37889
37921
37957
37961
38043
38044
38086
38156
38163
38227
38251
38297
38298
38364
38404
38441
38451
38479
38505
38517
38522
38608
38678
38703
38768
38832
39095
39129
39151
39206
39237
39238
39338
39356
39371
39376
39396
39529
39598
39601
39624
39630
39641
39671
39673
39714
39731
39752
39754
39800
39910
39932
39936
39972
39974
40097
40175
40187
40203
40212
40271
40318
40372
40447
40453
40463
40483
40507
40538
40606
40615
40623
40639
40710
40761
40775
40826
40830
40838
40842
40872
40910
40936
41031
41126
41144
41170
41316
41511
41550
41569
41586
41594
41617
41658
41747
41768
41797
41848
41849
41864
41932
42017
42035
42044
42051
42071
42079
42095
42129
42273
42331
42385
42407
42408
42502
42580
42645
42671
42682
42726
42738
42768
42802
42892
42894
42921
42963
42982
43048
43058
43104
43106
43132
43134
43168
43233
43268
43272
43299
43309
43346
43347
43455
43499
43609
43621
43649
43780
43821
43826
43889
43943
44043
44065
44085
44086
44114
44225
44230
44252
44264
44270
44276
44279
44297
44329
44409
44440
44529
44551
44602
44603
44663
44700
44707
44726
44743
44750
44790
44819
44832
44839
44841
44907
44927
44965
44976
44998
45143
45184
45190
45265
45284
45337
45388
45400
45460
45544
45545
45549
45575
45668
45677
45778
45789
45793
45920
45947
46029
46110
46225
46226
46235
46253
46267
46319
46336
46354
46387
46394
46413
46414
46559
46604
46619
46707
46735
46738
46803
46850
46913
46915
46932
46974
46980
46981
47004
47089
47095
47126
47177
47275
47379
47413
47414
47475
47532
47549
47580
47632
47646
47650
47652
47687
47792
47800
47825
47829
47842
47866
47875
47966
47988
47991
48100
48102
48125
48137
48175
48195
48208
48209
48217
48414
48504
48524
48545
48549
48607
48608
48612
48627
48639
48663
48678
48712
48745
48773
48796
48851
48853
48857
48909
48944
48945
48975
48985
49046
49069
49090
49159
49211
49215
49226
49236
49257
49356
49374
49418
49423
49451
49482
49502
49524
49534
49556
49653
49655
49693
49694
49704
49706
49756
49759
49791
49807
49808
49810
49851
49870
49941
50054
50136
50142
50157
50178
50301
50352
50353
50359
50381
50445
50460
50617
50649
50698
50720
50768
50799
50842
50856
50920
50999
51041
51136
51168
51177
51216
51298
51301
51377
51409
51468
51485
51487
51513
51585
51595
51625
51647
51648
51693
51736
51872
52045
52110
52150
52226
52258
52297
52375
52471
52474
52562
52605
52694
52716
52724
52745
52880
52942
52946
52967
52980
52983
52992
52997
53019
53085
53086
53139
53191
53211
53214
53257
53294
53369
53422
53671
53829
53883
54048
54334
54359
54601
54629
54651
54824
54920
54924
55167
55206
55321
55561
55574
55615
55618
55634
55660
55678
55679
55699
55740
55790
55814
55815
55830
55836
55885
55913
55933
55937
55951
55988
56002
56028
56037
56038
56059
56064
56076
56097
56108
56125
56150
56154
56162
56173
56195
56238
56276
56287
56316
56330
56332
56341
56342
56386
56414
56428
56436
56463
56465
56513
56716
56819
56844
56916
56926
57059
57113
57237
57240
57275
57281
57300
57308
57345
57477
57493
57522
57630
57712
57719
57741
57799
57808
57941
57995
58082
58107
58143
58192
58272
58408
58452
58495
58538
58540
58551
58570
58618
58640
58676
58750
58949
58951
58963
59019
59036
59073
59090
59105
59115
59124
59168
59205
59384
59392
59447
59530
59544
59629
59661
59695
59736
59895
59899
59922
59983
60012
60313
60319
60737
60755
60806
60818
60846
60872
60907
60913
60920
60939
61065
61081
61107
61116
61119
61155
61252
61276
61382
61433
61462
61570
61599
61604
61756
61830
61848
61859
61865
61902
61938
61966
62038
62087
62142
62202
62203
62321
62332
62447
62503
62618
62664
62672
