104
179
182
183
185
189
190
205
212
219
387
515
582
596
686
735
847
855
874
902
908
946
958
963
969
991
1128
1166
1168
1169
1171
1322
1338
1349
1421
1567
1570
1650
1851
1862
1889
1890
2057
2120
2132
2147
2157
2165
2169
2466
2472
2473
2476
2517
2544
2554
2555
2556
2619
2677
2719
2906
2952
3008
3009
3023
3116
3276
3292
3296
3297
3317
3374
3427
3544
3609
3612
3692
3717
3800
3870
3893
3965
4064
4100
4163
4201
4207
4370
4379
4390
4475
4516
4579
4582
4676
4838
4850
4857
4873
4880
4884
4956
4988
5148
5202
5206
5212
5214
5215
5218
5240
5253
5302
5345
5346
5347
5348
5360
5366
5404
5415
5417
5420
5432
5497
5499
5501
5539
5639
5649
5650
5660
5667
5669
5681
5682
5698
5717
5804
5805
5812
5814
5850
5968
5971
5976
6014
6038
6052
6119
6189
6226
6230
6268
6289
6300
6430
6443
6477
6566
6638
6648
6774
6844
6873
6976
6977
7197
7243
7409
7480
7498
7499
7547
7636
7644
7687
7693
7835
7837
7970
8006
8030
8064
8121
8156
8228
8246
8331
8375
8376
8423
8456
8503
8656
8717
8723
8778
8780
8808
8926
8998
9039
9077
9092
9189
9191
9225
9227
9274
9314
9393
9416
9484
9525
9535
9537
9538
9544
9583
9585
9588
9590
9599
9651
9656
9657
9672
9675
9682
9684
9685
9738
9744
9758
9760
9765
9766
9805
9807
9883
10009
10017
10058
10086
10095
10218
10223
10289
10310
10311
10493
10494
10497
10546
10580
10625
10676
10701
10843
10855
10903
10939
10941
10942
10958
11021
11029
11039
11075
11159
11164
11248
11310
11323
11385
11402
11542
11558
11567
11597
11709
11746
11852
11858
11911
11922
11973
12034
12038
12071
12073
12130
12136
12205
12270
12271
12272
12479
12571
12672
12741
12742
12763
12768
12869
12929
12943
12968
12982
12987
13049
13072
13209
13254
13271
13342
13345
13348
13380
13386
13407
13408
13456
13488
13564
13589
13590
13591
13632
13658
13663
13736
13739
13764
13768
13795
13803
13825
13826
13880
13920
13965
14000
14002
14055
14059
14078
14080
14083
14097
14114
14118
14123
14129
14156
14174
14175
14277
14290
14298
14321
14357
14367
14399
14400
14411
14534
14553
14554
14601
14692
14717
14718
14808
14855
14857
14868
14869
14880
14885
14918
14958
14967
14981
15029
15142
15203
15209
15231
15241
15250
15267
15379
15394
15459
15500
15528
15562
15640
15650
15681
15687
15795
15832
15896
15919
15967
16033
16052
16083
16096
16118
16120
16218
16301
16319
16353
16405
16408
16420
16448
16553
16563
16567
16653
16654
16676
16679
16685
16686
16781
16799
16858
16874
16896
16924
16927
16962
16963
16964
16968
16970
16972
17028
17065
17080
17136
17180
17189
17209
17253
17254
17346
17443
17469
17470
17483
17484
17485
17517
17523
17572
17576
17580
17590
17609
17616
17620
17622
17701
17708
17741
17759
17807
17812
17814
17817
17820
17823
17824
17825
17833
17837
17857
17870
17936
17937
17950
17993
18047
18048
18074
18093
18135
18178
18181
18184
18214
18215
18220
18272
18274
18279
18282
18354
18372
18397
18425
18426
18454
18464
18465
18505
18510
18560
18568
18616
18617
18635
18649
18651
18655
18671
18691
18726
18752
18779
18789
18874
18946
18997
19014
19114
19173
19189
19191
19200
19240
19283
19319
19340
19408
19424
19427
19435
19436
19437
19438
19440
19441
19500
19502
19567
19572
19599
19610
19639
19708
19710
19715
19824
19890
19899
19911
19918
19969
19985
20101
20115
20121
20122
20172
20184
20246
20259
20350
20381
20402
20403
20404
20424
20447
20477
20478
20483
20492
20500
20501
20506
20515
20518
20597
20621
20676
20736
20874
20992
21011
21012
21013
21020
21134
21138
21148
21222
21264
21299
21344
21398
21405
21407
21408
21409
21418
21423
21435
21442
21479
21487
21523
21524
21526
21548
21577
21629
21641
21642
21643
21644
21656
21685
21722
21778
21809
21816
21842
21916
21924
21989
22042
22051
22055
22077
22087
22091
22095
22107
22132
22135
22164
22166
22180
22181
22187
22205
22206
22209
22210
22216
22217
22223
22237
22242
22277
22303
22305
22306
22308
22318
22343
22349
22385
22390
22432
22454
22467
22508
22522
22539
22543
22618
22666
22679
22682
22702
22729
22744
22753
22798
22808
22831
22861
22869
22873
22874
22879
22889
22909
22930
23003
23025
23038
23069
23070
23071
23075
23085
23104
23139
23140
23159
23178
23207
23213
23215
23222
23234
23291
23310
23317
23323
23330
23339
23389
23390
23391
23392
23396
23397
23398
23399
23401
23402
23403
23404
23406
23407
23408
23418
23422
23424
23427
23443
23472
23477
23508
23540
23548
23597
23618
23627
23640
23764
23819
23875
23888
23913
23924
23977
23996
24043
24127
24129
24155
24158
24187
24212
24220
24248
24249
24251
24252
24269
24355
24413
24415
24416
24417
24419
24420
24421
24533
24615
24711
24819
24825
24828
24893
24894
24922
24924
24981
25004
25015
25118
25123
25124
25128
25133
25135
25251
25280
25342
25347
25350
25359
25360
25436
25437
25438
25489
25515
25516
25523
25627
25633
25726
25764
25844
25845
25960
25961
25962
25963
26039
26040
26074
26075
26290
26333
26363
26388
26436
26473
26586
26587
26594
26598
26637
26639
26647
26677
26726
26770
26806
26845
26860
26863
26913
26972
26973
26977
27011
27024
27057
27059
27060
27061
27062
27064
27195
27196
27227
27238
27317
27338
27339
27346
27541
27550
27593
27625
27657
27697
27728
27761
27805
27807
27808
27809
27810
27811
27813
27814
27889
27934
28023
28048
28049
28124
28148
28172
28235
28245
28247
28248
28250
28285
28316
28341
28345
28348
28349
28404
28433
28520
28522
28540
28637
28661
28745
28783
28841
28850
28920
28943
28948
29032
29034
29055
29056
29057
29058
29066
29131
29132
29164
29192
29195
29197
29200
29201
29202
29204
29214
29241
29243
29320
29340
29488
29515
29550
29602
29608
29609
29614
29615
29616
29618
29646
29652
29688
29698
29757
29783
29785
29786
29789
29808
29821
29822
29834
29842
29852
29861
29910
30048
30257
30372
30433
30457
30603
30675
30798
30839
30896
30977
30978
30993
31047
31170
31184
31226
31504
31505
31506
31530
31728
31743
31798
31914
32491
32618
32721
32737
32875
32893
33183
33190
33241
33242
33244
33262
33402
33453
33475
33476
33477
33478
33568
33744
33746
33786
33879
34037
34172
34181
34186
34354
34355
34449
34450
34479
34548
34607
34612
34778
34779
34782
34854
34948
35024
35112
35113
35124
35129
35134
35323
35345
35346
35347
35348
35349
35350
35351
35353
35354
35355
35360
35361
35363
35365
35366
35367
35368
35376
35386
35388
35395
35406
35407
35420
35423
35437
35450
35451
35453
35457
35458
35462
35464
35470
35485
35490
35491
35496
35497
35501
35507
35516
35519
35521
35526
35528
35533
35539
35540
35543
35545
35547
35556
35557
35560
35566
35569
35572
35576
35577
35584
35588
35591
35596
35597
35598
35604
35606
35612
35620
35622
35630
35637
35647
35655
35658
35664
35667
35671
35676
35682
35690
35691
35700
35701
35703
35705
35710
35717
35725
35730
35753
35762
35774
35775
35776
35777
35778
35780
35781
35782
35785
35786
35787
35791
35798
35803
35805
35807
35809
35844
35845
35874
35876
35877
35879
35886
35889
35890
35891
35895
35897
35905
35908
35910
35911
35919
35924
35934
35935
35936
35938
35946
35950
35956
35964
35971
35996
36001
36003
36006
36008
36011
36012
36020
36023
36024
36026
36035
36038
36039
36046
36051
36052
36053
36063
36069
36070
36072
36075
36082
36083
36086
36088
36093
36103
36107
36108
36109
36122
36123
36125
36126
36128
36129
36136
36137
36138
36146
36149
36161
36166
36170
36175
36177
36181
36192
36195
36196
36212
36222
36228
36246
36273
36274
36275
36278
36294
36300
36314
36319
36327
36336
36343
36344
36346
36350
36352
36364
36372
36376
36385
36386
36392
36395
36396
36397
36398
36401
36411
36430
36431
36434
36437
36438
36439
36442
36453
36457
36458
36461
36463
36464
36476
36488
36491
36492
36500
36501
36504
36525
36528
36529
36537
36538
36543
36548
36549
36563
36570
36572
36581
36587
36595
36599
36602
36610
36612
36621
36634
36637
36647
36648
36650
36660
36662
36663
36664
36665
36681
36699
36703
36707
36728
36729
36736
36742
36743
36744
36745
36749
36751
36754
36758
36760
36761
36772
36779
36781
36782
36783
36784
36785
36787
36788
36793
36795
36798
36801
36807
36819
36822
36836
36837
36846
36847
36850
36852
36853
36872
36875
36890
36891
36892
36900
36910
36911
36915
36916
36919
36943
36944
36956
36958
36965
36968
36978
36983
36988
36997
36998
36999
37005
37006
37013
37032
37035
37036
37043
37068
37073
37076
37086
37093
37101
37103
37104
37124
37125
37128
37132
37140
37150
37151
37152
37161
37174
37177
37182
37183
37184
37205
37217
37221
37222
37224
37228
37241
37243
37248
37249
37252
37254
37261
37262
37268
37281
37284
37285
37286
37290
37291
37292
37296
37297
37306
37313
37314
37315
37317
37318
37330
37346
37358
37361
37362
37382
37384
37398
37400
37401
37407
37408
37414
37432
37434
37435
37437
37445
37448
37450
37456
37459
37468
37470
37472
37473
37474
37480
37508
37510
37517
37518
37520
37524
37527
37540
37543
37545
37552
37553
37562
37567
37568
37569
37570
37572
37585
37592
37606
37616
37622
37624
37626
37627
37629
37630
37631
37633
37634
37635
37636
37638
37640
37642
37643
37645
37648
37651
37652
37653
37655
37658
37665
37672
37684
37685
37689
37690
37696
37697
37698
37702
37704
37709
37711
37720
37723
37726
37746
37749
37751
37755
37762
37770
37778
37782
37783
37784
37786
37794
37801
37808
37809
37810
37814
37817
37821
37823
37826
37830
37832
37835
37836
37848
37849
37855
37857
37860
37861
37862
37863
37874
37876
37885
37889
37890
37891
37905
37906
37913
37914
37915
37930
37933
37942
37944
37945
37952
37953
37954
37955
37958
37963
37981
37990
37996
37997
38002
38007
38008
38011
38015
38021
38025
38041
38042
38045
38048
38061
38062
38069
38072
38106
38108
38112
38145
38147
38150
38153
38157
38163
38166
38170
38181
38182
38185
38187
38189
38190
38191
38195
38196
38197
38203
38215
38216
38222
38239
38241
38243
38269
38270
38275
38276
38283
38285
38286
38292
38306
38308
38310
38311
38313
38314
38323
38328
38344
38345
38346
38351
38352
38353
38357
38360
38364
38367
38376
38380
38381
38395
38406
38416
38418
38419
38420
38429
38446
38447
38448
38449
38450
38451
38452
38454
38455
38467
38468
38470
38472
38476
38477
38479
38481
38482
38483
38484
38487
38488
38489
38492
38495
38503
38510
38511
38514
38520
38527
38529
38530
38531
38540
38542
38553
38560
38565
38567
38570
38575
38591
38594
38595
38596
38597
38601
38608
38611
38612
38619
38623
38624
38631
38643
38649
38650
38652
38657
38666
38668
38673
38690
38691
38693
38694
38699
38700
38721
38722
38723
38724
38725
38726
38748
38749
38782
38792
38794
38795
38796
38800
38803
38809
38822
38823
38832
38835
38836
38839
38841
38842
38847
38851
38852
38854
38860
38862
38863
38899
38901
38911
38914
38923
38926
38927
38929
38931
38932
38933
38938
38939
38940
38954
38961
38967
38968
38969
38970
38986
38991
38996
39009
39010
39013
39021
39025
39026
39029
39031
39037
39045
39047
39048
39049
39066
39095
39096
39097
39106
39117
39119
39127
39128
39132
39133
39145
39152
39157
39159
39160
39161
39165
39171
39185
39191
39193
39206
39210
39213
39219
39229
39232
39233
39236
39238
39244
39273
39275
39277
39301
39302
39303
39307
39309
39315
39319
39324
39325
39336
39343
39346
39352
39353
39355
39357
39362
39366
39372
39383
39394
39408
39411
39421
39423
39428
39443
39447
39458
39461
39469
39475
39478
39483
39484
39486
39497
39500
39502
39507
39511
39514
39532
39561
39586
39589
39590
39596
39601
39606
39607
39619
39621
39632
39638
39641
39649
39663
39665
39674
39676
39678
39682
39683
39691
39723
39725
39745
39749
39767
39773
39786
39802
39806
39837
39838
39842
39848
39862
39864
39866
39873
39877
39884
39902
39903
39911
39913
39927
39930
39932
39933
39947
39952
39955
39959
39969
39977
39978
39986
39987
39988
40001
40002
40003
40004
40006
40007
40011
40013
40014
40015
40034
40042
40049
40054
40071
40084
40089
40090
40091
40100
40124
40125
40144
40155
40161
40162
40165
40171
40172
40173
40181
40183
40188
40197
40218
40220
40225
40233
40238
40242
40243
40265
40267
40273
40274
40275
40276
40277
40293
40300
40301
40302
40306
40320
40321
40332
40337
40343
40345
40347
40348
40349
40373
40410
40416
40419
40420
40428
40430
40434
40443
40448
40474
40481
40483
40505
40506
40507
40509
40528
40533
40537
40544
40545
40549
40550
40551
40556
40566
40578
40587
40618
40630
40633
40637
40646
40648
40652
40654
40656
40677
40683
40698
40704
40731
40742
40744
40746
40754
40761
40783
40785
40792
40806
40807
40815
40818
40819
40827
40828
40840
40842
40844
40846
40849
40878
40883
40887
40900
40902
40903
40904
40905
40912
40924
40929
40938
40939
40941
40946
40950
40951
40960
40961
40968
40975
40985
40986
40988
40993
40995
40997
41001
41002
41004
41005
41011
41012
41023
41033
41037
41046
41048
41052
41058
41061
41064
41066
41067
41077
41084
41092
41094
41098
41124
41137
41142
41146
41148
41154
41168
41184
41185
41189
41196
41208
41213
41229
41237
41312
41321
41323
41333
41359
41369
41370
41371
41372
41375
41378
41380
41391
41392
41397
41398
41402
41406
41409
41420
41424
41447
41450
41451
41462
41468
41469
41470
41471
41473
41474
41489
41490
41497
41503
41504
41521
41536
41562
41568
41569
41588
41591
41599
41601
41607
41608
41609
41610
41611
41614
41615
41616
41619
41623
41642
41651
41658
41666
41667
41678
41679
41684
41693
41729
41730
41731
41738
41746
41747
41753
41756
41761
41770
41771
41772
41774
41775
41776
41782
41795
41816
41834
41837
41838
41842
41850
41852
41856
41861
41866
41867
41870
41871
41872
41878
41880
41887
41889
41892
41897
41902
41910
41917
41918
41920
41921
41923
41924
41943
41949
41951
41956
41966
41967
41968
41975
41982
41988
42008
42010
42013
42017
42018
42019
42020
42021
42022
42031
42038
42039
42040
42051
42058
42060
42061
42062
42063
42064
42068
42074
42075
42077
42078
42080
42082
42085
42090
42098
42101
42104
42105
42109
42110
42117
42118
42119
42122
42123
42124
42125
42126
42134
42138
42139
42140
42141
42146
42147
42148
42149
42150
42154
42333
42334
42347
42352
42355
42364
42367
42376
42387
42391
42436
42437
42439
42442
42443
42444
42459
42466
42471
42472
42475
42481
42484
42485
42497
42515
42522
42523
42525
42535
42539
42541
42547
42554
42564
42566
42568
42571
42573
42574
42575
42576
42581
42588
42624
42632
42639
42649
42656
42658
42668
42674
42681
42682
42688
42690
42708
42710
42711
42714
42720
42729
42759
42760
42764
42778
42779
42781
42782
42788
42791
42792
42803
42805
42806
42825
42833
42855
42862
42863
42864
42865
42866
42877
42880
42882
42904
42906
42911
42912
42917
42923
42925
42932
42933
42940
42950
42952
42953
42965
42966
42969
42974
42976
42977
42978
42981
42988
42997
43013
43015
43016
43017
43021
43023
43024
43025
43058
43062
43066
43070
43071
43073
43074
43079
43081
43088
43094
43098
43101
43102
43103
43111
43112
43114
43115
43118
43122
43125
43128
43130
43133
43135
43150
43160
43161
43162
43177
43179
43182
43190
43194
43196
43209
43213
43217
43219
43225
43226
43228
43229
43232
43238
43239
43240
43250
43251
43260
43263
43265
43267
43268
43269
43273
43278
43281
43320
43323
43335
43344
43345
43347
43356
43360
43361
43366
43367
43374
43375
43387
43406
43408
43410
43412
43413
43414
43418
43420
43425
43426
43430
43431
43436
43439
43440
43456
43457
43465
43466
43469
43470
43471
43489
43518
43525
43526
43529
43531
43536
43560
43566
43568
43573
43576
43577
43587
43601
43602
43603
43605
43614
43625
43627
43638
43654
43656
43664
43669
43680
43684
43690
43695
43696
43697
43699
43705
43713
43735
43736
43738
43749
43759
43761
43763
43772
43786
43787
43795
43803
43804
43810
43811
43813
43814
43817
43820
43823
43825
43826
43827
43834
43840
43841
43844
43861
43871
43877
43879
43884
43902
43903
43904
43906
43909
43912
43913
43914
43918
43921
43922
43927
43928
43929
43933
43951
43963
43965
43974
43975
43986
43993
43995
43996
44010
44013
44015
44036
44055
44059
44063
44067
44071
44080
44110
44119
44122
44134
44135
44136
44137
44140
44143
44145
44150
44156
44159
44162
44171
44172
44181
44186
44194
44197
44209
44210
44239
44242
44243
44273
44276
44279
44280
44281
44284
44286
44297
44299
44300
44302
44311
44315
44326
44332
44337
44340
44341
44348
44351
44376
44377
44378
44390
44391
44392
44393
44396
44398
44401
44428
44432
44438
44440
44445
44449
44454
44455
44456
44457
44458
44459
44460
44461
44469
44470
44471
44489
44510
44511
44514
44517
44538
44547
44564
44570
44571
44576
44583
44585
44589
44597
44605
44607
44610
44616
44627
44660
44661
44662
44664
44666
44667
44673
44682
44684
44693
44694
44695
44698
44699
44700
44701
44706
44707
44708
44709
44711
44723
44726
44728
44740
44748
44752
44757
44759
44761
44762
44765
44774
44787
44805
44812
44814
44825
44828
44829
44835
44837
44846
44848
44862
44873
44878
44879
44900
44901
44902
44903
44932
44938
44939
44947
44948
44971
44972
45000
45002
45014
45017
45018
45020
45025
45030
45044
45049
45052
45058
45066
45089
45095
45097
45098
45101
45107
45127
45133
45134
45146
45149
45150
45160
45163
45178
45192
45201
45202
45213
45224
45253
45255
45264
45268
45276
45284
45287
45289
45293
45310
45333
45341
45351
45357
45359
45366
45370
45371
45379
45380
45381
45383
45385
45398
45399
45400
45403
45404
45438
45455
45456
45459
45464
45468
45470
45471
45472
45473
45481
45505
45506
45516
45528
45545
45547
45559
45566
45567
45582
45584
45587
45611
45615
45616
45618
45619
45620
45624
45626
45631
45644
45652
45656
45658
45664
45665
45677
45691
45692
45693
45696
45700
45704
45718
45720
45749
45751
45752
45764
45770
45774
45776
45780
45781
45788
45793
45796
45804
45807
45808
45827
45830
45835
45838
45842
45843
45844
45854
45861
45863
45864
45867
45868
45870
45875
45876
45881
45882
45884
45892
45895
45896
45898
45908
45910
45914
45920
45924
45928
45933
45935
45941
45943
45944
45957
45958
45964
45976
45980
45982
45988
45989
45990
45991
45993
45994
45996
46000
46034
46041
46047
46061
46097
46108
46129
46130
46132
46134
46160
46162
46164
46166
46188
46205
46208
46215
46216
46228
46230
46231
46233
46234
46248
46249
46293
46300
46306
46308
46309
46310
46333
46337
46342
46344
46345
46349
46356
46358
46367
46383
46387
46388
46395
46400
46414
46430
46454
46461
46463
46473
46482
46487
46508
46513
46514
46515
46516
46520
46526
46527
46530
46538
46548
46550
46555
46563
46565
46571
46574
46585
46589
46593
46595
46603
46604
46619
46621
46623
46624
46631
46632
46635
46636
46637
46639
46648
46650
46651
46652
46658
46659
46664
46665
46670
46671
46672
46684
46685
46686
46687
46688
46690
46693
46700
46702
46720
46736
46737
46739
46743
46744
46752
46759
46760
46769
46774
46785
46797
46801
46803
46807
46810
46824
46838
46839
46841
46845
46855
46859
46873
46876
46903
46907
46909
46910
46912
46913
46914
46915
46917
46922
46923
46925
46927
46938
46944
46947
46948
46950
46959
46962
46963
46964
46975
46976
46977
46978
46989
46991
46998
46999
47004
47006
47007
47010
47025
47049
47056
47066
47074
47075
47076
47077
47079
47084
47087
47091
47093
47094
47118
47122
47123
47124
47131
47135
47151
47161
47163
47165
47172
47174
47176
47179
47183
47271
47281
47282
47284
47293
47294
47311
47350
47355
47380
47405
47462
47485
47489
47496
47497
47498
47504
47534
47555
47571
47652
47709
47725
47735
47757
47846
47847
47848
47849
47850
47861
47891
47921
47922
47933
47936
47938
47944
47954
47979
48063
48064
48084
48085
48086
48091
48098
48108
48127
48134
48135
48174
48220
48222
48223
48224
48225
48231
48271
48282
48283
48363
48415
48416
48417
48418
48420
48421
48426
48450
48472
48474
48476
48478
48529
48593
48612
48630
48631
48632
48633
48634
48647
48721
48806
48808
48810
48811
48813
48814
48815
48816
48817
48818
48819
48822
48823
48824
48825
48826
48829
48830
48832
48833
48834
48836
48837
48839
48840
48842
48843
48844
48845
48847
48848
48849
48852
48853
48856
48857
48858
48859
48860
48862
48863
48864
48865
48899
48934
49023
49087
49088
49089
49090
49093
49147
49225
49318
49362
49462
49484
49514
49544
49546
49548
49575
49586
49595
49596
49598
49612
49620
49635
49638
49658
49681
49729
49783
49784
49785
49798
49806
49891
49918
49946
49947
49948
49949
49951
49952
49954
49955
49979
50037
50085
50090
50094
50095
50098
50106
50113
50126
50137
50139
50188
50207
50209
50239
50241
50242
50252
50253
50343
50401
50447
50460
50470
50538
50568
50613
50713
50714
50716
50718
50719
50720
50722
50723
50724
50730
50739
50763
50776
50827
50828
50829
50831
50832
50909
50927
51062
51217
51218
51221
51224
51225
51350
51365
51391
51407
51501
51503
51507
51509
51512
51516
51517
51570
51572
51601
51617
51628
51630
51631
51632
51637
51652
51708
51714
51743
51744
51745
51746
51859
51879
51892
51893
51971
52014
52108
52109
52110
52111
52244
52317
52318
52319
52320
52321
52376
52377
52386
52399
52406
52421
52427
52432
52434
52571
52572
52573
52574
52575
52590
52592
52641
52662
52678
52734
52737
52738
52739
52740
52751
52780
52818
52859
52879
52891
52915
52917
52931
52964
52974
52997
53069
53076
53105
53116
53117
53118
53120
53126
53128
53134
53214
53240
53404
53485
53506
53509
53526
53529
53530
53531
53547
53593
53595
53596
53721
53745
53746
53770
53780
53825
53870
53871
53872
53886
53889
53890
53891
53892
53894
53898
53915
53991
54021
54029
54044
54083
54108
54150
54158
54182
54183
54185
54194
54202
54204
54211
54213
54215
54216
54217
54218
54220
54224
54229
54243
54252
54253
54260
54263
54264
54283
54296
54297
54305
54321
54331
54333
54348
54349
54353
54391
54402
54405
54410
54414
54437
54439
54442
54443
54444
54446
54449
54470
54472
54492
54504
54508
54511
54517
54521
54524
54525
54526
54528
54529
54530
54531
54532
54533
54534
54535
54536
54543
54549
54552
54553
54555
54563
54575
54576
54577
54579
54580
54581
54586
54587
54602
54620
54623
54627
54637
54638
54665
54673
54678
54679
54683
54704
54709
54717
54718
54722
54725
54726
54730
54732
54733
54738
54742
54745
54746
54749
54752
54754
54756
54763
54764
54765
54770
54771
54774
54782
54786
54790
54801
54806
54807
54809
54812
54823
54824
54826
54827
54841
54846
54849
54874
54876
54877
54884
54889
54891
54911
54922
54927
54930
54945
54953
54958
54976
54996
54999
55022
55026
55048
55052
55070
55083
55090
55098
55099
55111
55112
55115
55118
55131
55157
55158
55169
55185
55188
55192
55195
55196
55199
55204
55206
55211
55213
55217
55218
55231
55232
55247
55249
55251
55263
55269
55270
55274
55276
55278
55280
55283
55288
55301
55312
55316
55317
55319
55341
55356
55357
55359
55384
55405
55407
55408
55412
55426
55440
55472
55473
55476
55477
55479
55495
55501
55504
55505
55511
55512
55513
55514
55515
55533
55534
55535
55536
55537
55539
55544
55550
55567
55568
55569
55573
55580
55586
55594
55618
55620
55622
55623
55630
55633
55644
55646
55647
55658
55665
55672
55674
55691
55693
55696
55719
55724
55734
55771
55788
55794
55795
55797
55812
55813
55818
55819
55820
55829
55842
55843
55848
55849
55870
55884
55892
55895
55896
55903
55908
55909
55931
55963
55986
55993
55997
56000
56015
56022
56023
56026
56027
56030
56034
56042
56045
56046
56055
56056
56075
56079
56090
56111
56113
56114
56116
56124
56127
56137
56141
56142
56150
56153
56156
56157
56164
56165
56175
56178
56179
56191
56195
56196
56199
56200
56220
56221
56223
56227
56229
56233
56236
56241
56246
56254
56263
56271
56273
56274
56275
56281
56284
56294
56296
56297
56298
56299
56317
56323
56331
56332
56340
56349
56353
56360
56361
56367
56368
56372
56377
56379
56380
56383
56392
56394
56397
56399
56405
56406
56407
56408
56412
56415
56421
56437
56440
56444
56445
56446
56447
56448
56449
56450
56454
56455
56456
56466
56472
56474
56496
56498
56499
56508
56511
56535
56538
56553
56557
56563
56575
56584
56585
56586
56588
56607
56611
56617
56618
56624
56633
56659
56660
56669
56670
56671
56683
56684
56687
56696
56699
56706
56711
56712
56713
56717
56723
56724
56727
56730
56764
56766
56776
56782
56788
56791
56800
56804
56812
56814
56830
56834
56838
56839
56846
56856
56858
56862
56863
56868
56877
56883
56889
56891
56932
56938
56943
56954
56955
56956
56958
56959
56960
56961
56962
56963
56965
56968
56972
56975
56980
56988
56990
56991
56995
56998
56999
57004
57011
57012
57018
57022
57034
57035
57036
57037
57038
57042
57048
57060
57061
57092
57133
57134
57148
57154
57157
57162
57163
57168
57180
57182
57193
57196
57206
57213
57214
57216
57227
57236
57241
57246
57247
57248
57260
57262
57265
57268
57270
57271
57273
57274
57275
57277
57284
57286
57292
57295
57298
57299
57303
57320
57331
57342
57346
57347
57348
57350
57358
57359
57360
57364
57366
57372
57374
57379
57383
57386
57389
57397
57398
57399
57400
57401
57403
57407
57409
57413
57414
57427
57429
57444
57445
57446
57448
57459
57472
57475
57478
57480
57482
57483
57484
57485
57486
57487
57488
57492
57494
57506
57507
57508
57509
57510
57512
57530
57532
57539
57543
57546
57547
57551
57552
57553
57554
57555
57558
57559
57563
57564
57567
57573
57579
57596
57598
57599
57602
57608
57609
57610
57611
57612
57616
57617
57624
57625
57626
57632
57634
57636
57637
57639
57649
57650
57659
57671
57687
57693
57708
57709
57712
57713
57714
57717
57719
57724
57725
57726
57728
57731
57732
57740
57757
57758
57759
57760
57770
57771
57793
57796
57798
57799
57800
57801
57802
57803
57804
57809
57816
57828
57832
57835
57848
57854
57855
57856
57857
57859
57863
57864
57865
57871
57872
57877
57879
57880
57885
57886
57905
57906
57908
57911
57913
57920
57930
57935
57936
57937
57942
57950
57957
57960
57963
57975
57979
57981
57985
57987
57988
57990
57991
57995
57997
58000
58001
58003
58005
58019
58024
58026
58032
58037
58038
58065
58083
58086
58089
58091
58100
58103
58112
58118
58119
58121
58137
58154
58162
58165
58166
58167
58168
58169
58170
58171
58172
58173
58174
58176
58193
58194
58204
58208
58209
58220
58224
58229
58245
58251
58259
58260
58268
58269
58285
58289
58290
58307
58333
58335
58337
58338
58339
58340
58346
58348
58357
58369
58424
58426
58432
58441
58450
58461
58462
58463
58464
58466
58474
58485
58489
58490
58493
58501
58502
58506
58509
58510
58511
58513
58531
58541
58542
58546
58576
58582
58588
58595
58605
58606
58629
58634
58636
58657
58677
58681
58683
58684
58685
58687
58688
58697
58698
58700
58708
58709
58712
58713
58714
58723
58727
58746
58749
58751
58752
58761
58770
58778
58779
58785
58796
58798
58802
58808
58814
58823
58838
58839
58864
58868
58869
58888
58895
58898
58904
58921
58922
58924
58926
58930
58935
58936
58942
58965
58976
58978
58983
58998
58999
59005
59006
59007
59010
59015
59027
59038
59047
59048
59058
59071
59073
59075
59078
59079
59083
59087
59090
59098
59099
59106
59108
59110
59126
59134
59158
59161
59164
59166
59172
59173
59174
59176
59177
59178
59179
59183
59190
59193
59200
59203
59208
59221
59222
59245
59254
59255
59256
59257
59258
59267
59272
59287
59289
59299
59301
59307
59309
59317
59321
59323
59325
59354
59358
59360
59365
59368
59380
59393
59397
59400
59415
59423
59426
59440
59444
59449
59450
59454
59455
59456
59458
59460
59488
59489
59503
59526
59535
59537
59540
59551
59552
59553
59563
59565
59566
59569
59572
59573
59575
59578
59581
59582
59583
59585
59588
59590
59591
59604
59605
59611
59618
59627
59632
59633
59639
59655
59693
59709
59710
59711
59713
59721
59724
59728
59736
59747
59748
59756
59757
59759
59760
59837
59839
59843
59844
59845
59846
59853
59867
59871
59876
59879
59880
59884
59885
59886
59889
59891
59895
59908
59918
59932
59935
59959
59962
59963
59971
59978
59980
59988
59989
59992
59998
59999
60004
60008
60020
60024
60025
60032
60034
60038
60039
60046
60048
60050
60058
60070
60071
60073
60076
60085
60086
60087
60090
60092
60096
60105
60118
60123
60130
60133
60137
60138
60143
60150
60151
60154
60156
60158
60168
60173
60182
60183
60184
60190
60198
60201
60206
60207
60208
60209
60210
60227
60233
60234
60235
60237
60245
60250
60253
60255
60256
60263
60265
60266
60270
60271
60272
60281
60283
60284
60285
60286
60287
60290
60291
60299
60302
60303
60308
60310
60311
60312
60313
60314
60315
60317
60318
60337
60347
60348
60351
60376
60377
60380
60381
60384
60402
60404
60423
60437
60458
60486
60491
60507
60508
60520
60524
60526
60527
60535
60536
60537
60538
60539
60542
60547
60557
60558
60572
60574
60576
60579
60580
60581
60607
60623
60626
60633
60634
60636
60640
60642
60653
60654
60655
60658
60662
60663
60664
60672
60673
60674
60675
60676
60695
60710
60713
60721
60756
60760
60769
60774
60799
60801
60814
60816
60823
60824
60845
60846
60847
60848
60849
60850
60851
60852
60853
60854
60855
60856
60858
60860
60861
60872
60878
60879
60885
60891
60893
60940
60942
60945
60952
60953
60954
60956
60958
60969
60985
60988
61015
61017
61036
61044
61046
61053
61054
61060
61066
61068
61072
61082
61084
61089
61092
61093
61146
61164
61165
61166
61168
61179
61189
61191
61195
61199
61200
61213
61223
61237
61239
61243
61252
61260
61271
61272
61278
61291
61293
61294
61295
61296
61297
61298
61299
61300
61310
61312
61313
61314
61315
61320
61323
61334
61347
61348
61349
61351
61352
61353
61361
61363
61364
61366
61382
61388
61394
61399
61419
61420
61421
61429
61437
61439
61444
61445
61447
61452
61470
61476
61485
61486
61487
61488
61499
61503
61504
61507
61510
61513
61522
61579
61612
61615
61647
61659
61665
61667
61669
61674
61675
61695
61708
61715
61718
61722
61723
61730
61733
61734
61750
61770
61795
61808
61813
61821
61827
61828
61829
61846
61863
61868
61875
61879
61880
61888
61896
61897
61898
61899
61900
61901
61902
61903
61904
61915
61916
61918
61923
61924
61925
61935
61938
61941
61942
61943
61949
61957
61964
61983
61986
62000
62001
62016
62018
62024
62028
62030
62045
62050
62056
62057
62063
62065
62080
62083
62095
62099
62103
62106
62123
62131
62133
62134
62137
62140
62168
62171
62186
62196
62198
62200
62203
62207
62216
62232
62242
62243
62244
62245
62246
62252
62259
62266
62267
62276
62283
62286
62293
62296
62297
62303
62305
62306
62307
62308
62309
62310
62311
62312
62313
62315
62316
62317
62320
62325
62332
62333
62335
62336
62338
62339
62345
62346
62365
62366
62375
62392
62393
62406
62422
62428
62429
62434
62438
62440
62449
62473
62475
62476
62479
62506
62509
62510
62511
62532
62542
62548
62558
62592
62604
62605
62606
62607
62617
62619
62633
62640
62647
62649
62653
62654
62657
62666
62667
62676
62678
62683
62686
62692
62693
62704
62705
62706
62708
62709
62720
62725
62732
62734
62736
62750
62768
62771
62786
62794
62798
62800
62803
62804
62805
62806
62807
62808
62809
62810
62814
62816
62817
62836
62837
62839
62840
62844
62845
62846
62847
62848
62849
62858
62859
62860
62864
62876
62886
62887
62896
62900
62912
62918
62919
62927
62933
62935
62936
62939
62949
62950
62982
62990
62995
63000
63001
63008
63009
63012
63026
63048
63052
63053
63056
63088
63094
63098
63102
63109
63110
63111
63120
63122
63126
63127
63128
63138
63139
63141
63145
63148
63159
63168
63174
63177
63188
63189
63196
63199
63203
63204
63220
63221
63222
63223
63226
63227
63228
63231
63246
63247
63253
63271
63275
63280
63281
63283
63284
63291
63296
63298
63299
63326
63337
63432
63433
63436
63438
63441
63442
63446
63453
63454
63455
63467
63468
63469
63470
63474
63484
63500
63503
63530
63545
63546
63547
63553
63558
63565
63566
63567
63576
63577
63578
63583
63586
63588
63590
63607
63609
63615
63617
63640
63643
63645
63646
63649
63650
63663
63687
63688
63689
63695
63696
63698
63699
63700
63701
63702
63703
63723
63725
63728
63729
63735
63736
63737
63741
63754
63755
63766
63768
63786
63790
63791
63802
63806
63816
63819
63827
63828
63829
63830
63831
63844
63853
63861
63863
63867
63868
63871
63873
63888
63891
63892
63904
63908
63938
63939
63941
63942
63943
63944
63963
63964
63968
63972
63973
63982
63984
63991
63993
64018
64030
64031
64035
64051
64060
64063
64067
64069
64074
64075
64076
64079
64082
64084
64085
64086
64088
64089
64097
64106
64107
64108
64111
64147
64151
64153
64154
64164
64183
64184
64186
64187
64188
64191
64196
64203
64205
64207
64220
64237
64238
64242
64247
64249
64253
64258
64260
64266
64267
64268
64281
64285
64288
64294
64296
64297
64298
64299
64307
64309
64310
64313
64314
64315
64328
64350
64356
64357
64365
64367
64382
64383
64391
64396
64397
64399
64412
64414
64423
64427
64428
64431
64434
64435
64454
64457
64459
64472
64479
64487
64489
64490
64491
64494
64495
64496
64505
64506
64508
64516
64517
64519
64524
64525
64528
64534
64536
64550
64556
64563
64573
64581
64582
64583
64584
64589
64594
64601
64602
64605
64607
64610
64611
64621
64626
64639
64640
64650
64651
64653
64656
64659
64662
64697
64702
64719
64722
64725
64727
64729
64730
64731
64732
64738
64739
64742
64743
64753
64758
64759
64763
64771
64790
64791
64795
64797
64800
64801
64802
64803
64806
64807
64809
64811
64815
64826
64829
64870
64883
64884
64885
64886
64888
64889
64895
64897
64898
64920
64923
64933
64948
64949
64985
64997
65018
65023
65025
65026
65041
65042
65043
65049
65070
65076
65077
65104
65107
65110
65113
65121
65136
65146
65149
65152
65159
65161
65178
65180
65184
65186
65191
65196
65201
65205
65213
65234
65254
65258
65259
65260
65261
65262
65264
65266
65267
65269
65272
65286
65291
65297
65309
65310
65316
65321
65333
65347
65352
65356
65363
65364
65368
65369
65370
65373
65381
65383
65391
65393
65408
65425
65426
65429
65430
65432
65434
65437
65453
65481
65483
65491
65493
65494
65495
65497
65498
65501
65504
65505
65506
65507
65508
65509
65510
65511
65512
65513
65514
65515
65516
65517
65518
65519
65520
65521
65522
65523
65524
65525
65526
65532
65540
65559
65563
65567
65570
65577
65590
65591
65594
65595
65596
65598
65600
65601
65618
65624
65635
65636
65641
65642
65644
65645
65646
65652
65656
65660
65662
65675
65690
65693
65697
65698
65699
65700
65704
65729
65731
65744
65749
65751
65752
65754
65755
65756
65766
65772
65773
65774
65784
65789
65790
65794
65801
65807
65808
65815
65825
65849
65863
65864
65877
65882
65887
65894
65897
65904
65908
65909
65910
65915
65924
65941
65942
65976
65987
65988
65993
66003
66006
66008
66009
66026
66027
66028
66030
66035
66047
66075
66082
66085
66086
66094
66095
66101
66103
66104
66110
66118
66121
66134
66135
66136
66141
66145
66156
66159
66161
66167
66169
66195
66197
66205
66206
66207
66220
66227
66229
66255
66256
66258
66263
66267
66275
66278
66288
66290
66293
66297
66303
66319
66320
66321
66322
66323
66345
66350
66357
66364
66366
66369
66371
66372
66385
66388
66390
66391
66423
66427
66429
66430
66432
66439
66442
66443
66444
66445
66460
66461
66464
66466
66468
66470
66480
66481
66482
66483
66484
66506
66508
66509
66514
66517
66520
66522
66529
66530
66534
66537
66539
66540
66541
66556
66557
66562
66578
66582
66597
66602
66604
66605
66607
66608
66609
66615
66622
66639
66641
66658
66659
66683
66692
66703
66712
66713
66714
66726
66739
66741
66742
66743
66745
66746
66747
66750
66785
66789
66790
66792
66793
66794
66795
66799
66803
66804
66805
66806
66807
66808
66809
66810
66819
66824
66836
66841
66846
66849
66850
66854
66861
66872
66873
66875
66876
66878
66880
66890
66896
66898
66901
66902
66903
66907
66909
66915
66916
66918
66919
66920
66921
66924
66936
66953
66955
66962
66965
66975
66996
67000
67001
67002
67012
67019
67020
67026
67029
67042
67059
67060
67061
67062
67067
67068
67071
67074
67078
67083
67084
67093
67103
67105
67106
67107
67109
67110
67119
67120
67122
67124
67125
67128
67129
67132
67135
67144
67146
67149
67150
67153
67170
67182
67185
67186
67193
67194
67202
67213
67218
67224
67230
67232
67234
67235
67236
67240
67261
67270
67278
67289
67290
67292
67293
67297
67304
67305
67306
67307
67308
67309
67311
67312
67313
67314
67316
67322
67323
67327
67363
67376
67378
67390
67407
67409
67410
67415
67418
67419
67427
67428
67429
67434
67437
67438
67441
67443
67444
67446
67447
67448
67458
67464
67467
67481
67487
67493
67494
67505
67507
67508
67513
67519
67533
67539
67540
67554
67555
67558
67562
67563
67565
67575
67578
67580
67584
67585
67627
67628
67634
67641
67642
67644
67645
67646
67653
67654
67655
67666
67672
67674
67679
67685
67687
67722
67723
67729
67733
67739
67743
67746
67759
67767
67771
67783
67795
67796
67815
67816
67818
67841
67843
67844
67854
67861
67867
67872
67882
67886
67891
67897
67918
67920
67921
67926
67936
67938
67939
67944
67947
67948
67958
67962
67963
67964
67969
67972
67974
67977
67994
68000
68003
68004
68005
68008
68029
68040
68042
68043
68045
68050
68051
68061
68062
68068
68085
68088
68098
68101
68102
68105
68106
68108
68111
68114
68117
68118
68138
68160
68162
68164
68165
68170
68172
68190
68194
68200
68201
68203
68208
68222
68223
68267
68269
68270
68271
68272
68274
68278
68293
68303
68308
68311
68313
68326
68333
68341
68342
68344
68359
68363
68371
68385
68391
68395
68397
68398
68399
68400
68401
68406
68409
68414
68419
68421
68422
68424
68425
68426
68427
68431
68454
68464
68475
68476
68477
68485
68486
68487
68489
68492
68499
68503
68507
68509
68510
68513
68517
68525
68532
68539
68540
68541
68552
68558
68560
68561
68570
68573
68574
68576
68577
68578
68579
68580
68581
68592
68599
68601
68603
68607
68615
68624
68629
68630
68634
68643
68644
68646
68649
68650
68666
68669
68670
68693
68704
68705
68707
68712
68722
68724
68725
68731
68737
68738
68740
68741
68742
68743
68744
68745
68752
68756
68757
68758
68761
68763
68766
68841
68843
68848
68859
68865
68869
68870
68871
68873
68876
68878
68885
68887
68894
68898
68899
68900
68901
68902
68913
68917
68918
68926
68935
68936
68937
68939
68955
68963
68964
68973
68984
68988
68989
68990
68992
68995
69005
69006
69007
69008
69009
69022
69023
69025
69033
69041
69055
69058
69060
69069
69070
69073
69074
69075
69076
69078
69080
69101
69106
69112
69114
69122
69123
69127
69128
69134
69136
69140
69147
69159
69162
69163
69177
69210
69228
69230
69231
69235
69241
69242
69246
69258
69261
69271
69272
69298
69299
69300
69305
69312
69315
69316
69321
69322
69336
69338
69344
69350
69361
69362
69363
69366
69370
69371
69373
69374
69375
69402
69423
69427
69434
69438
69439
69447
69448
69450
69453
69457
69458
69461
69465
69479
69483
69484
69486
69493
69504
69507
69510
69513
69517
69522
69524
69525
69533
69534
69540
69541
69543
69544
69545
69546
69547
69548
69556
69559
69560
69561
69562
69563
69565
69566
69567
69571
69576
69587
69589
69590
69594
69599
69604
69613
69615
69617
69629
69631
69637
69639
69644
69646
69652
69661
69674
69679
69680
69683
69689
69693
69695
69707
69709
69710
69717
69718
69720
69721
69723
69729
69732
69742
69771
69777
69791
69797
69809
69816
69859
69880
69881
69882
69895
69897
69898
69899
69900
69901
69915
69916
69921
69923
69932
69933
69940
69950
69952
69966
69970
69971
69972
69977
69978
69979
69980
69983
69994
69995
69996
69997
70005
70011
70015
70019
70024
70033
70035
70041
70061
70068
70070
70072
70082
70086
70095
70103
70108
70120
70121
70131
70142
70144
70163
70166
70172
70180
70190
70204
70207
70210
70214
70217
70221
70226
70230
70231
70235
70237
70240
70242
70246
70247
70252
70257
70258
70262
70264
70269
70270
70276
70277
70278
70283
70287
70288
70292
70294
70330
70331
70332
70336
70337
70339
70342
70346
70348
70351
70356
70366
70367
70399
70400
70404
70405
70407
70409
70419
70420
70439
70444
70446
70448
70449
70456
70457
70460
70462
70467
70468
70469
70470
70471
70476
70491
70492
70497
70498
70499
70500
70502
70503
70506
70510
70514
70518
70526
70528
70529
70539
70542
70543
70544
70545
70546
70547
70550
70569
70571
70574
70583
70585
70586
70587
70597
70601
70603
70604
70611
70615
70617
70627
70654
70657
70673
70674
70678
70679
70681
70682
70683
70688
70689
70691
70692
70694
70701
70703
70704
70706
70707
70711
70714
70715
70722
70726
70728
70736
70737
70741
70744
70745
70748
70749
70754
70770
70785
70789
70791
70792
70793
70800
70804
70826
70830
70832
70842
70846
70847
70848
70849
70864
70868
70891
70897
70902
70903
70905
70910
70911
70922
70932
70933
70937
70938
70941
70948
70953
70954
70966
70989
70990
70991
71001
71007
71015
71019
71026
71027
71028
71030
71032
71039
71042
71043
71050
71054
71055
71056
71066
71084
71090
71099
71102
71104
71108
71110
71111
71114
71118
71130
71136
71141
71142
71147
71149
71152
71153
71157
71160
71163
71171
71192
71194
71199
71200
71201
71206
71208
71211
71219
71223
71226
71227
71228
71229
71234
71236
71239
71245
71253
71255
71257
71275
71279
71280
71283
71285
71287
71292
71298
71299
71306
71310
71311
71312
71327
71332
71336
71337
71338
71342
71347
71351
71352
71353
71358
71359
71368
71386
71391
71398
71399
71400
71408
71416
71422
71435
71439
71441
71444
71445
71447
71450
71465
71476
71481
71486
71497
71498
71502
71503
71504
71511
71522
71523
71527
71531
71534
71541
71550
71553
71558
71566
71569
71572
71579
71586
71607
71608
71611
71613
71615
71616
71618
71619
71622
71656
71657
71660
71663
71674
71675
71676
71677
71679
71680
71709
71710
71720
71721
71722
71725
71732
71741
71743
71746
71748
71749
71750
71752
71753
71755
71756
71757
71758
71766
71767
71768
71772
71773
71777
71778
71780
71781
71784
71789
71794
71796
71799
71801
71804
71813
71815
71816
71818
71819
71823
71828
71830
71850
71860
71861
71871
71878
71883
71892
71896
71897
71898
71902
71905
71910
71934
71945
71946
71954
71961
71962
71977
71981
72008
72010
72012
72024
72028
72029
72030
72033
72041
72045
72057
72067
72070
72096
72105
72107
72114
72115
72127
72129
72130
72131
72132
72133
72134
72135
72158
72159
72161
72199
72201
72202
72203
72204
72207
72209
72213
72219
72231
72243
72256
72257
72260
72261
72265
72269
72273
72275
72276
72279
72280
72289
72292
72293
72295
72307
72314
72328
72330
72331
72337
72338
72339
72340
72344
72345
72350
72357
72361
72363
72370
72379
72383
72391
72392
72393
72394
72395
72403
72404
72406
72407
72410
72420
72422
72423
72425
72426
72429
72430
72431
72440
72441
72443
72446
72454
72471
72472
72490
72491
72492
72494
72496
72497
72504
72525
72526
72527
72542
72545
72549
72559
72566
72567
72578
72597
72601
72604
72626
72636
72652
72663
72665
72675
72676
72678
72680
72683
72686
72689
72695
72701
72709
72718
72726
72733
72738
72749
72756
72759
72764
72767
72768
72769
72771
72773
72774
72775
72781
72785
72790
72791
72792
72795
72797
72799
72802
72803
72811
72814
72815
72821
72822
72829
72832
72837
72838
72842
72848
72849
72854
72855
72856
72857
72859
72862
72866
72872
72879
72888
72892
72924
72925
72934
72935
72967
72972
72973
72974
72975
72976
72982
72996
72998
73006
73011
73012
73018
73019
73026
73027
73041
73046
73048
73051
73054
73056
73061
73062
73063
73071
73073
73074
73087
73089
73090
73091
73096
73100
73102
73104
73106
73114
73115
73121
73131
73132
73145
73151
73168
73171
73191
73203
73211
73212
73213
73214
73217
73219
73220
73222
73225
73226
73228
73230
73232
73244
73253
73257
73258
73259
73272
73278
73279
73283
73298
73302
73303
73307
73308
73318
73321
73333
73338
73341
73342
73354
73357
73364
73365
73366
73370
73378
73387
73391
73395
73401
73445
73460
73461
73463
73466
73468
73470
73475
73487
73488
73489
73490
73491
73493
73501
73505
73506
73512
73517
73519
73521
73522
73523
73525
73539
73548
73550
73561
73565
73568
73585
73589
73593
73595
73612
73616
73617
73618
73619
73620
73621
73624
73625
73626
73628
73632
73633
73634
73641
73644
73661
73662
73663
73664
73670
73677
73679
73680
73681
73686
73689
73700
73701
73702
73703
73704
73705
73706
73708
73711
73712
73713
73714
73719
73723
73726
73727
73747
73770
73796
73804
73806
73817
73834
73835
73836
73850
73856
73859
73873
73886
73894
73897
73898
73902
73903
73911
73912
73922
73930
73942
73968
73970
73977
73978
73989
73993
74016
74020
74042
74044
74046
74048
74064
74072
74074
74075
74086
74087
74091
74093
74095
74096
74097
74108
74113
74119
74125
74126
74149
74150
74151
74152
74155
74160
74161
74163
74167
74181
74184
74200
74215
74221
74227
74228
74229
74230
74231
74245
74264
74266
74268
74284
74292
74293
74294
74295
74297
74300
74306
74324
74325
74326
74329
74331
74332
74334
74335
74336
74338
74343
74344
74354
74361
74363
74366
74369
74371
74385
74387
74390
74392
74407
74410
74439
74465
74466
74467
74468
74469
74471
74482
74487
74488
74489
74491
74493
74498
74499
74500
74502
74503
74514
74515
74516
74517
74520
74522
74523
74524
74533
74535
74541
74561
74571
74572
74573
74574
74578
74579
74592
74593
74598
74600
74601
74603
74604
74605
74606
74607
74611
74613
74620
74622
74623
74624
74630
74636
74644
74650
74651
74652
74669
74686
74689
74698
74699
74708
74711
74719
74731
74734
74736
74737
74748
74749
74753
74755
74756
74757
74758
74761
74782
74783
74786
74795
74801
74806
74807
74813
74814
74816
74817
74819
74825
74829
74839
74842
74844
74846
74856
74865
74873
74892
74901
74903
74913
74922
74929
74931
74932
74933
74934
74936
74940
74944
74945
74949
74952
74954
74958
74959
74974
74982
74985
74986
74993
75006
75009
75012
75018
75020
75022
75023
75024
75025
75026
75033
75034
75044
75046
75048
75049
75051
75063
75064
75066
75067
75073
75075
75076
75077
75078
75080
75090
75094
75096
75097
75104
75118
75138
75151
75158
75161
75169
75178
75182
75184
75185
75188
75189
75190
75199
75212
75219
75222
75224
75226
75227
75233
75234
75240
75241
75243
75247
75248
75251
75260
75273
75274
75293
75296
75313
75323
75324
75327
75333
75336
75342
75348
75349
75363
75373
75374
75375
75381
75386
75387
75393
75394
75403
75404
75405
75406
75408
75409
75410
75411
75412
75413
75416
75421
75422
75423
75429
75431
75432
75433
75434
75436
75438
75441
75444
75445
75446
75448
75459
75460
75471
75475
75480
75483
75486
75491
75492
75494
75495
75500
75515
75522
75523
75524
75525
75527
75530
75535
75537
75543
75546
75565
75566
75579
75588
75596
75598
75600
75604
75618
75637
75638
75641
75644
75645
75646
75648
75650
75651
75654
75676
75677
75680
75686
75704
75710
75731
75735
75737
75738
75746
75747
75748
75749
75750
75751
75752
75766
75767
75789
75793
75814
75827
75833
75835
75846
75857
75864
75881
75882
75883
75884
75885
75886
75890
75891
75892
75893
75894
75899
75908
75911
75912
75913
75914
75916
75919
75931
75934
75939
75940
75942
75945
75951
75962
75969
75981
75987
75997
76000
76003
76006
76007
76010
76012
76013
76020
76021
76022
76035
76041
76049
76050
76053
76054
76074
76075
76077
76079
76082
76083
76084
76087
76088
76089
76094
76101
76103
76104
76105
76110
76116
76120
76123
76125
76131
76133
76134
76138
76139
76141
76144
76159
76163
76170
76175
76177
76180
76181
76188
76190
76205
76215
76228
76234
76240
76243
76244
76245
76246
76250
76251
76252
76257
76261
76262
76265
76266
76267
76269
76270
76271
76273
76276
76278
76284
76296
76300
76301
76302
76304
76307
76308
76325
76328
76349
76359
76367
76375
76378
76379
76383
76385
76386
76396
76397
76399
76401
76402
76409
76423
76425
76437
76438
76439
76440
76441
76442
76443
76444
76446
76447
76452
76464
76467
76476
76478
76479
76482
76483
76497
76500
76502
76503
76504
76506
76514
76519
76533
76537
76543
76544
76547
76558
76574
76575
76576
76581
76587
76590
76592
76596
76598
76599
76600
76603
76613
76617
76629
76631
76637
76665
76667
76702
76707
76709
76710
76711
76724
76725
76726
76733
76734
76742
76743
76751
76754
76758
76761
76762
76767
76768
76770
76771
76773
76774
76776
76777
76779
76806
76814
76815
76820
76821
76836
76840
76841
76845
76847
76848
76853
76865
76866
76868
76870
76871
76872
76875
76877
76878
76880
76882
76892
76896
76899
76902
76903
76908
76920
76921
76922
76923
76924
76925
76927
76930
76940
76945
76948
76949
76957
76958
76959
76960
76961
76962
76965
76971
76991
76999
77009
77011
77012
77013
77014
77015
77016
77017
77018
77019
77020
77021
77022
77023
77025
77026
77027
77028
77029
77033
77034
77041
77054
77056
77060
77066
77082
77085
77094
77099
77114
77118
77125
77126
77128
77131
77152
77165
77166
77167
77169
77170
77171
77172
77173
77200
77203
77204
77205
77211
77212
77213
77218
77219
77223
77229
77231
77234
77239
77251
77256
77260
77265
77266
77268
77270
77278
77279
77284
77285
77289
77291
77295
77303
77328
77333
77352
77363
77364
77367
77371
77378
77389
77390
77391
77398
77404
77406
77407
77415
77443
77447
77461
77464
77465
77466
77470
77471
77472
77474
77475
77476
77479
77480
77482
77483
77495
77501
77504
77505
77506
77527
77533
77534
77535
77536
77547
77548
77550
77551
77553
77557
77568
77573
77576
77580
77584
77587
77588
77590
77594
77604
77610
77617
77628
77637
77641
77642
77644
77646
77649
77656
77670
77672
77675
77676
77680
77681
77684
77687
77689
77696
77698
77701
77703
77712
77722
77724
77731
77732
77744
77755
77763
77764
77768
77769
77778
77784
77788
77793
77796
77797
77804
77805
77806
77808
77812
77813
77816
77817
77818
77819
77820
77822
77824
77830
77833
77834
77835
77839
77840
77843
77844
77848
77858
77860
77866
77867
77868
77869
77870
77871
77873
77874
77890
77892
77909
77914
77916
77917
77919
77934
77936
77941
77942
77943
77960
77977
77986
77989
77997
78002
78009
78013
78017
78019
78021
78023
78024
78025
78027
78030
78034
78038
78049
78101
78118
78122
78144
78152
78156
78159
78160
78161
78162
78164
78165
78166
78167
78168
78169
78170
78171
78188
78189
78190
78193
78196
78197
78198
78209
78213
78214
78215
78217
78220
78224
78226
78228
78250
78251
78254
78256
78257
78259
78260
78279
78306
78310
78311
78316
78318
78324
78325
78327
78333
78338
78343
78350
78357
78359
78363
78366
78368
78370
78371
78378
78387
78389
78399
78400
78403
78407
78410
78411
78412
78413
78415
78423
78435
78442
78453
78457
78458
78462
78463
78466
78470
78471
78472
78477
78482
78483
78485
78504
78507
78516
78519
78525
78533
78543
78558
78560
78572
78580
78588
78616
78621
78622
78623
78645
78664
78681
78682
78683
78688
78708
78715
78720
78723
78725
78726
78727
78728
78729
78731
78733
78747
78767
78768
78774
78777
78778
78779
78795
78800
78801
78803
78807
78809
78812
78813
78815
78820
78828
78837
78845
78850
78863
78872
78875
78877
78878
78879
78886
78887
78889
78894
78900
78908
78909
78910
78914
78917
78918
78919
78927
78932
78935
78941
79102
79109
79206
79279
79280
79292
79903
79904
79906
79907
79909
79910
79911
79912
79915
79916
79917
79918
79920
79921
79923
79924
79925
79926
79929
79930
79931
79933
79934
79935
79937
79938
79940
79941
79942
79943
79944
79947
79948
79949
79950
79952
79953
79956
79957
79959
79960
79962
79963
79964
79965
79967
79968
79970
79971
79972
79974
79975
79976
79978
79980
79981
79983
79984
79987
79988
79990
79992
80000
80202
80320
80352
80354
80445
80566
80568
80569
80571
80572
80573
80624
80625
80626
80628
80629
80695
80701
80737
80787
80788
80789
80791
80835
81093
81252
81256
81257
81309
81462
81463
81466
81467
81468
81520
81601
81652
81653
81654
81704
81806
81840
81857
81892
81903
81911
81924
81996
82003
82093
82174
82360
82374
82375
82380
82421
82480
82481
82482
82483
82484
82485
82486
82487
82488
82489
82490
82492
82494
82502
82565
82569
82609
82671
82701
82716
82717
82747
82765
82766
82786
82838
82905
82945
82946
82960
82963
83088
83094
83108
83109
83115
83116
83240
83400
83412
83413
83444
83445
83525
83591
83608
83613
83616
83643
83704
83738
83751
83805
83808
83836
83838
83839
83855
83862
83864
83867
83871
83883
83884
83930
83933
83941
83944
83949
83999
84050
84051
84054
84060
84088
84097
84098
84122
84145
84148
84157
84160
84225
84233
84269
84271
84285
84287
84288
84303
84310
84311
84373
84416
84428
84447
84449
84496
84525
84527
84533
84601
84650
84678
84704
84707
84709
84750
84752
84766
84767
84774
84828
84834
84839
84906
84913
84916
84940
85006
85008
85031
85065
85106
85107
85108
85109
85119
85135
85165
85177
85204
85205
85206
85212
85217
85230
85249
85296
85301
85303
85307
85315
85316
85318
85338
85432
85434
85513
85514
85527
85583
85636
85639
85663
85665
85680
85681
85685
85693
85729
85780
85783
85802
85810
85812
85824
85837
85839
85852
85853
85854
85855
85856
85858
85863
85875
85876
85933
85949
86046
86070
86104
86114
86125
86126
86131
86148
86164
86171
86172
86174
86210
86221
86222
86232
86233
86234
86235
86236
86258
86310
86353
86356
86365
86370
86405
86412
86427
86435
86483
86510
86513
86522
86526
86530
86541
86542
86553
86565
86578
86615
86617
86630
86633
86636
86647
86654
86662
86695
86701
86702
86703
86721
86723
86724
86737
86740
86742
86766
86770
86796
86826
86838
86914
86928
86929
86957
86961
86982
86983
86999
87014
87018
87020
87062
87077
87101
87108
87126
87127
87135
87136
87137
87145
87146
87147
87148
87150
87153
87157
87164
87166
87168
87182
87183
87209
87215
87247
87259
87260
87261
87272
87275
87314
87316
87329
87330
87354
87361
87383
87384
87385
87386
87415
87440
87444
87454
87455
87461
87478
87479
87487
87488
87493
87510
87511
87516
87517
87518
87532
87539
87553
87554
87571
87603
87604
87647
87648
87649
87650
87651
87666
87667
87682
87706
87707
87708
87709
87710
87714
87715
87726
87757
87758
87796
87818
87844
87849
87862
87877
87899
87927
87929
87941
87942
87943
87944
87953
88005
88011
88014
88037
88181
88182
88184
88187
88196
88197
88213
88216
88217
88251
88312
88374
88395
88401
88426
88462
88475
88481
88483
88513
88516
88578
88580
88581
88582
88617
88633
88634
88686
88728
88759
88776
88777
88806
88824
88825
88848
88889
88924
88940
88947
88948
88949
88990
88994
89004
89015
89025
89032
89038
89071
89084
89092
89103
89105
89111
89131
89145
89155
89212
89213
89214
89216
89217
89219
89220
89227
89231
89269
89288
89316
89342
89380
89422
89425
89435
89445
89461
89462
89473
89475
89476
89492
89493
89494
89519
89545
89546
89558
89578
89583
89584
89614
89615
89616
89624
89650
89693
89696
89709
89733
89734
89748
89779
89797
89803
89894
89895
89897
89915
89916
89926
89946
89961
89962
89982
90025
90033
90043
90077
90081
90098
90113
90115
90116
90117
90129
90131
90156
90157
90165
90169
90178
90183
90191
90204
90205
90261
90275
90289
90299
90307
90335
90336
90338
90340
90390
90391
90392
90399
90425
90426
90430
90431
90432
90433
90436
90463
90465
90502
90508
90526
90531
90532
90554
90609
90618
90639
90674
90678
90680
90686
90746
90748
90749
90750
90751
90752
90771
90773
90780
90787
90791
90794
90796
90827
90830
90831
90843
90858
90863
90864
90869
90872
90893
90907
90924
90925
90932
90933
90937
90949
90951
90954
90967
90996
91046
91055
91056
91070
91085
91110
91139
91154
91160
91161
91165
91178
91278
91298
91305
91363
91364
91365
91366
91367
91368
91369
91370
91371
91377
91445
91499
91500
91501
91535
91538
91561
91562
91563
91603
91617
91628
91637
91684
91688
91710
91715
91744
91783
91784
91792
91814
91848
91851
91861
91862
91863
91867
91868
91894
91898
91909
91924
91925
92001
92053
92055
92056
92058
92070
92082
92086
92122
92137
92140
92145
92196
92201
92208
92217
92222
92247
92340
92370
92384
92387
92393
92408
92437
92451
92487
92496
92509
92536
92548
92574
92614
92615
92616
92629
92636
92651
92691
92726
92731
92733
92738
92779
92789
92794
92796
92799
92800
92843
92846
92866
92893
92899
92945
92946
92947
92948
92952
92994
92997
93009
93010
93062
93078
93105
93106
93144
93198
93221
93233
93331
93376
93402
93409
93425
93437
93443
93446
93455
93473
93477
93512
93569
93580
93584
93589
93592
93650
93652
93656
93657
93703
93705
93723
93768
93769
93797
93821
93831
93872
93873
93909
93915
93927
93928
93938
93939
93942
93943
93975
93985
93989
93990
93991
93992
93998
94004
94006
94007
94008
94009
94011
94029
94140
94149
94150
94157
94199
94200
94202
94207
94242
94254
94280
94298
94304
94305
94319
94347
94357
94435
94436
94453
94455
94456
94460
94462
94492
94526
94534
94547
94573
94590
94615
94621
94626
94688
94760
94779
94792
94796
94806
94810
94820
94852
94888
94903
94904
94906
94907
94908
94920
94952
94955
94973
94977
94991
95039
95061
95071
95074
95115
95121
95127
95178
95182
95196
95291
95292
95293
95302
95340
95345
95350
95355
95362
95383
95406
95407
95441
95442
95443
95448
95456
95461
95462
95474
95475
95519
95526
95540
95563
95617
95639
95654
95662
95667
95669
95710
95717
95738
95739
95765
95767
95774
95775
95776
95790
95804
95846
95849
95863
95873
95884
95889
95890
95904
95990
95998
96005
96027
96028
96033
96044
96075
96087
96115
96130
96131
96135
96136
96137
96151
96164
96170
96171
96176
96191
96198
96208
96209
96251
96266
96283
96284
96285
96294
96361
96373
96390
96397
96398
96439
96454
96457
96491
96531
96540
96541
96553
96554
96579
96610
96621
96643
96659
96672
96682
96686
96690
96691
96707
96740
96743
96773
96795
96811
96812
96813
96814
96816
96817
96851
96863
96897
96898
96917
96919
96930
96934
96975
96999
97003
97006
97027
97062
97064
97089
97090
97091
97093
97094
97095
97105
97106
97111
97116
97124
97186
97187
97188
97200
97201
97215
97224
97231
97260
97262
97264
97282
97290
97294
97310
97326
97338
97342
97355
97356
97360
97361
97365
97378
97394
97395
97409
97417
97482
97489
97495
97515
97517
97518
97519
97526
97531
97539
97552
97558
97586
97614
97624
97629
97645
97646
97683
97703
97715
97723
97735
97739
97767
97768
97773
97809
97828
97848
97850
97895
97937
97970
98011
98045
98047
98048
98052
98079
98159
98172
98174
98185
98204
98210
98211
98213
98233
98241
98247
98261
98262
98281
98286
98289
98301
98307
98321
98324
98410
98448
98449
98450
98458
98463
98465
98492
98519
98531
98550
98558
98590
98650
98666
98689
98747
98791
98814
98853
98882
98907
98946
98967
98972
98983
99012
99045
99048
99050
99052
99054
99055
99073
99099
99110
99122
99140
99141
99144
99145
99146
99172
99174
99182
99190
99191
99193
99194
99195
99196
99200
99202
99222
99316
99332
99365
99368
99371
99388
99414
99424
99433
99441
99442
99444
99448
99461
99462
99468
99532
99545
99583
99584
99592
99600
99659
99679
99713
99734
99740
99753
99761
99767
99772
99773
99774
99775
99776
99777
99778
99779
99780
99781
99782
99783
99800
99801
99811
99866
99889
99896
99899
99906
99940
99945
100024
100037
100050
100060
100067
100072
100077
100081
100117
100167
100174
100180
100199
100202
100204
100205
100217
100231
100295
100323
100375
100385
100411
100414
100430
100476
100480
100497
100525
100536
100545
100546
100583
100654
100658
100665
100666
100702
100715
100725
100727
100745
100746
100754
100770
100771
100787
100788
100789
100797
100904
100924
100932
100935
100939
100940
100941
100943
100944
100945
100948
100951
100980
100999
101032
101042
101053
101056
101057
101058
101066
101087
101089
101138
101140
101144
101146
101150
101158
101183
101184
101185
101186
101194
101234
101240
101263
101268
101269
101270
101274
101295
101307
101327
101356
101357
101380
101381
101388
101414
101415
101553
101555
101556
101557
101584
101592
101621
101628
101631
101694
101739
101750
101765
101784
101803
101808
101814
101838
101856
101859
101864
101914
101915
101916
101917
101918
101919
101920
101921
101922
101923
101924
101925
101926
101927
101928
102001
102057
102061
102069
102097
102100
102111
102151
102152
102153
102154
102155
102156
102183
102184
102185
102188
102190
102192
102193
102194
102211
102223
102224
102229
102236
102237
102247
102256
102265
102276
102306
102354
102355
102356
102357
102358
102390
102392
102419
102423
102437
102438
102463
102474
102478
102504
102531
102539
102540
102541
102542
102543
102550
102551
102553
102568
102573
102575
102597
102598
102623
102624
102639
102664
102665
102669
102670
102671
102672
102673
102675
102678
102706
102743
102770
102781
102784
102789
102829
102858
102859
102965
102975
103027
103128
103325
103381
103565
103728
103729
103754
103835
103897
103937
104099
104341
104385
104501
104790
104835
104959
105051
105160
105189
105190
105287
105288
105289
105347
105444
105460
105533
105535
105554
105595
105722
105791
106077
106226
106318
106346
106462
106519
106593
106604
106891
106979
107009
107055
107097
107154
107158
107159
107243
107244
107384
107542
107584
107595
107598
107600
107610
107616
107640
107651
107689
107691
107711
107718
107719
107721
107724
107731
107740
107741
107744
107756
107770
107774
107808
107848
107854
107860
107869
107870
107878
107885
107886
107887
107895
107912
107975
107995
108029
108030
108052
108096
108123
108125
108126
108130
108193
108264
108271
108272
108273
108275
108303
108329
108341
108344
108346
108353
108354
108355
108358
108378
108379
108380
108396
108397
108400
108419
108420
108421
108422
108437
108450
108455
108495
108496
108497
108499
108513
108546
108561
108566
108567
108568
108569
108579
108585
108586
108600
108606
108610
108611
108622
108623
108631
108638
108659
108673
108685
108686
108707
108714
108719
108729
108740
108741
108742
108743
108772
108773
108775
108776
108796
108809
108810
108814
108815
108816
108819
108847
108848
108866
108876
108898
108903
108910
108913
108914
108915
108923
108941
108943
108979
108982
108997
108998
109026
109030
109041
109083
109089
109090
109092
109107
109108
109109
109110
109127
109143
109166
109167
109175
109192
109205
109230
109237
109283
109289
109301
109326
109330
109337
109338
109339
109391
109401
109422
109448
109449
109450
109452
109465
109482
109487
109519
109529
109535
109544
109545
109546
109547
109548
109566
109580
109589
109590
109644
109648
109672
109680
109701
109719
109720
109721
109724
109729
109735
109751
109756
109763
109764
109778
109793
109794
109820
109829
109858
109939
109942
109946
109968
109978
109979
109980
109981
109982
109983
109990
109997
110000
110040
110047
110107
110118
110155
110181
110182
110195
110197
110200
110203
110204
110212
110229
110235
110265
110273
110275
110278
110279
110283
110284
110291
110292
110299
110334
110335
110373
110383
110386
110390
110399
110443
110484
110488
110504
110506
110507
110511
110512
110525
110530
110531
110535
110580
110590
110615
110616
110646
110648
110674
110706
110707
110716
110730
110742
110746
110748
110749
110752
110766
110783
110799
110813
110814
110825
110826
110827
110829
110830
110849
110872
110873
110874
110875
110876
110877
110887
110894
110898
110899
110900
110912
110917
110920
110949
111002
111030
111050
111051
111053
111201
111237
111246
111252
111258
111271
111274
111276
111281
111297
111298
111319
111325
111329
111332
111380
111389
111408
111430
111459
111460
111477
111479
111480
111485
111488
111494
111513
111520
111523
111617
111619
111620
111625
111671
111680
111761
111763
111764
111808
111826
111827
111872
111874
111875
111876
111881
111884
111896
111898
111914
111915
111916
111917
111920
111934
111971
111986
111999
112027
112040
112048
112049
112075
112122
112149
112180
112203
112205
112206
112224
112225
112255
112265
112266
112274
112306
112307
112314
112318
112327
112367
112403
112404
112418
112425
112428
112430
112434
112451
112471
112478
112480
112481
112482
112483
112519
112524
112526
112538
112539
112540
112541
112542
112543
112544
112562
112567
112585
112588
112589
112608
112649
112656
112663
112682
112697
112698
112733
112735
112756
112765
112776
112820
112821
112834
112835
112836
112843
112865
112869
112908
112909
112918
112922
112931
112997
113021
113022
113025
113026
113064
113070
113071
113129
113176
113178
113179
113192
113205
113219
113228
113229
113230
113231
113232
113233
113234
113235
113237
113239
113240
113241
113242
113243
113259
113311
113312
113319
113350
113363
113364
113374
113377
113443
113453
113463
113477
113478
113508
113515
113537
113539
113550
113552
113557
113565
113566
113570
113635
113636
113678
113722
113726
113766
113775
113786
113787
113788
113789
113791
113793
113811
113838
113858
113869
113876
113896
113910
113911
113932
113933
113978
113982
113992
114018
114038
114048
114049
114051
114052
114057
114062
114081
114092
114095
114142
114163
114189
114198
114204
114216
114217
114228
114229
114274
114275
114276
114283
114290
114307
114327
114349
114377
114385
114392
114393
114436
114437
114438
114464
114465
114466
114468
114495
114496
114497
114533
114535
114591
114595
114596
114597
114602
114603
114609
114624
114640
114642
114643
114653
114681
114698
114702
114733
114790
114817
114840
114842
114843
114845
114846
114847
114857
114884
114885
114886
114888
114889
114892
114893
114909
114910
114921
114923
114937
114950
114951
114953
114954
114958
114970
114971
114972
114973
114986
114998
115000
115002
115006
115024
115030
115039
115040
115047
115050
115051
115055
115091
115127
115136
115137
115139
115169
115177
115184
115261
115278
115281
115284
115287
115288
115292
115294
115295
115297
115306
115313
115326
115327
115328
115345
115346
115347
115350
115360
115408
115409
115411
115412
115426
115427
115456
115494
115530
115539
115541
115550
115551
115553
115560
115625
115626
115629
115631
115632
115642
115643
115644
115645
115661
115692
115693
115722
115740
115741
115742
115775
115782
115820
115830
115832
115834
115835
115864
115869
115879
115893
115897
115900
115901
115902
115904
115920
115923
115942
115953
115989
115991
116023
116024
116074
116181
116186
116191
116192
116219
116247
116260
116263
116278
116290
116308
116327
116330
116341
116343
116346
116360
116406
116416
116426
116439
116440
116480
116491
116492
116520
116555
116568
116634
116645
116646
116647
116648
116649
116650
116690
116755
116866
116867
116869
116871
116874
116877
116878
116880
116881
116882
116883
117124
117157
117169
117175
117214
117242
117292
117295
117332
117350
117384
117578
117613
117627
117673
117676
117691
117746
117778
117879
117951
117952
117953
117954
117963
117964
118168
118174
118214
118222
118223
118262
118280
118289
118392
118397
118467
118468
118472
118481
118493
118516
118518
118521
118531
118532
118558
118579
118599
118674
118686
118717
118767
118771
118817
118924
118931
118932
119000
119019
119042
119167
119194
119195
119216
119217
119218
119250
119319
119320
119330
119352
119411
119413
119420
119421
119425
119428
119432
119435
119438
119441
119461
119462
119524
119535
119536
119537
119538
119570
119606
119612
119659
119674
119706
119816
119888
119913
119928
119929
119930
119931
119946
119947
119966
119987
120014
120015
120047
120101
120102
120106
120113
120128
120358
120374
120411
120412
120413
120435
120453
120457
120532
120578
120591
120667
120749
120883
120899
120927
120940
121021
121030
121037
121040
121041
121047
121066
121190
121192
121219
121279
121282
121286
121391
121392
121393
121394
121395
121397
121398
121399
121400
121403
121405
121406
121407
121408
121409
121411
121413
121438
121440
121477
121573
121574
121576
121577
121578
121579
121580
121581
121600
121678
121723
121737
121747
121795
121824
121829
121851
121881
121882
121887
121888
121889
121913
121917
121997
122141
122162
122212
122303
122455
122456
122462
122471
122483
122533
122573
122705
122707
122711
122713
122716
122718
122721
122723
122726
122728
122730
122735
122737
122739
122742
122743
122745
122747
122749
122754
122756
122759
122761
122763
122765
122767
122769
122771
122773
122775
122778
122779
122781
122783
122786
122788
122791
122794
122818
122862
122888
122889
122890
122906
122954
122963
123099
123136
123258
123294
123308
123321
123450
123474
123570
123617
123618
123649
123678
123707
123733
123740
123756
123757
123758
123759
123771
123836
123867
123884
123889
123890
123891
123892
123893
123895
123896
123897
123956
123957
123958
123974
123980
123982
124015
124046
124064
124118
124189
124213
124257
124265
124304
124306
124310
124312
124336
124350
124354
124645
124646
124649
124654
124660
124688
124745
124756
124758
124777
124813
124814
124815
124816
124827
124847
124848
124849
124850
124851
124861
124862
124863
124864
124865
124922
124942
124950
124951
124952
124981
125056
125057
125127
125134
125144
125145
125148
125153
